#real_cutoff=2
#reciprocal_cutoff=3
#r0 - r0 : [0.0, 0.0, 0.0, 0.0]
#r0 - r1 : [0.0, 0.0, 0.0, 0.0]
#r0 - r2 : [0.9999999999999999, 0.0, 0.0, 0.9999999999999999]
#r0 - r3 : [1.9553522243833719, 1.33555, 1.0930010000000001, -0.9192700000000001]
#r0 - r4 : [1.4258563194855927, 1.33555, -0.16516899999999968, -0.4712660000000001]
alpha	0x	0y	0z	1x	1y	1z	2x	2y	2z	3x	3y	3z	4x	4y	4z
0.1000000000	0.0057408905	0.0049121437	-0.0147023435	0.0057408905	0.0049121437	-0.0147023435	0.0057477228	0.0048549323	-2.0230632268	0.1274657709	0.1047714206	0.0375296155	0.3224886866	-0.0343734749	0.2222825637
0.2000000000	0.0055190233	0.0047387927	-0.0182928882	0.0055190233	0.0047387927	-0.0182928882	0.0055264944	0.0046820805	-2.0266444066	0.1272387893	0.1045936626	0.0339537024	0.3222643222	-0.0345461688	0.2186987545
0.3000000000	0.0046887067	0.0040783546	-0.0240594516	0.0046887067	0.0040783546	-0.0240594516	0.0047007026	0.0040252426	-2.0323807802	0.1264016445	0.1039262403	0.0282249962	0.3214318692	-0.0352041554	0.2129499709
0.4000000000	0.0033415691	0.0029779808	-0.0296779127	0.0033415691	0.0029779808	-0.0296779127	0.0033630395	0.0029326080	-2.0379599531	0.1250601341	0.1028282749	0.0226435623	0.3200915966	-0.0363012436	0.2073489875
0.5000000000	0.0020049894	0.0018521879	-0.0338647223	0.0020049894	0.0018521879	-0.0338647223	0.0020340284	0.0018131380	-2.0421218753	0.1237372449	0.1017129134	0.0184775346	0.3187666999	-0.0374247224	0.2031717057
0.6000000000	0.0010397333	0.0010165345	-0.0364979076	0.0010397333	0.0010165345	-0.0364979076	0.0010673927	0.0009761454	-2.0447573909	0.1227817783	0.1008860315	0.0158528692	0.3178091885	-0.0382593011	0.2005421632
0.7000000000	0.0004809416	0.0005235016	-0.0379400856	0.0004809416	0.0005235016	-0.0379400856	0.0004981524	0.0004737446	-2.0462258129	0.1222268245	0.1003969637	0.0144133570	0.3172532766	-0.0387520024	0.1991009891
0.8000000000	0.0002085694	0.0002808595	-0.0386295521	0.0002085694	0.0002808595	-0.0386295521	0.0002114629	0.0002182420	-2.0469514578	0.1219555339	0.1001554624	0.0137242488	0.3169817206	-0.0389946478	0.1984115168
0.9000000000	0.0000945386	0.0001790854	-0.0389152052	0.0000945386	0.0001790854	-0.0389152052	0.0000848056	0.0001051002	-2.0472689690	0.1218419554	0.1000539459	0.0134380924	0.3168681190	-0.0390965823	0.1981254247
1.0000000000	0.0000533174	0.0001423139	-0.0390187096	0.0000533174	0.0001423139	-0.0390187096	0.0000353063	0.0000609463	-2.0473918910	0.1218008558	0.1000171581	0.0133350257	0.3168270289	-0.0391334269	0.1980219872
1.1000000000	0.0000402290	0.0001299797	-0.0390668868	0.0000402290	0.0001299797	-0.0390668868	0.0000181262	0.0000454559	-2.0474385139	0.1217859760	0.1000035615	0.0132971020	0.3168120988	-0.0391449159	0.1979789419
1.2000000000	0.0000356406	0.0001231087	-0.0391600157	0.0000356406	0.0001231087	-0.0391600157	0.0000125645	0.0000396590	-2.0474769649	0.1217709196	0.0999888311	0.0132581550	0.3167973745	-0.0391477531	0.1979127608
1.3000000000	0.0000317344	0.0001126372	-0.0394436184	0.0000317344	0.0001126372	-0.0394436184	0.0000102108	0.0000354087	-2.0475671662	0.1217294608	0.0999482118	0.0131594357	0.3167591845	-0.0391467874	0.1977194464
1.4000000000	0.0000256122	0.0000942221	-0.0401489696	0.0000256122	0.0000942221	-0.0401489696	0.0000080420	0.0000294734	-2.0477857207	0.1216230137	0.0998457878	0.0129276398	0.3166659157	-0.0391408932	0.1972423231
1.5000000000	0.0000167750	0.0000671367	-0.0415862601	0.0000167750	0.0000671367	-0.0415862601	0.0000052529	0.0000210521	-2.0482299781	0.1213973106	0.0996327658	0.0124757866	0.3164762037	-0.0391254479	0.1962768492
1.6000000000	0.0000061562	0.0000337682	-0.0441033218	0.0000061562	0.0000337682	-0.0441033218	0.0000019605	0.0000107305	-2.0490077480	0.1209857891	0.0992520339	0.0117167250	0.3161418512	-0.0390936791	0.1946016856
1.7000000000	-0.0000046951	-0.0000017245	-0.0480361487	-0.0000046951	-0.0000017245	-0.0480361487	-0.0000013956	-0.0000002420	-2.0502226661	0.1203156446	0.0986444805	0.0105781780	0.3156114625	-0.0390378330	0.1920161178
1.8000000000	-0.0000143789	-0.0000351490	-0.0536711841	-0.0000143789	-0.0000351490	-0.0536711841	-0.0000043914	-0.0000105805	-2.0519622073	0.1193137795	0.0977539888	0.0090130508	0.3148329182	-0.0389501629	0.1883684315
1.9000000000	-0.0000220851	-0.0000635494	-0.0612263709	-0.0000220851	-0.0000635494	-0.0612263709	-0.0000067794	-0.0000193786	-2.0542905418	0.1179117298	0.0965303844	0.0070036319	0.3137547679	-0.0388235380	0.1835694067
2.0000000000	-0.0000276410	-0.0000856321	-0.0708487374	-0.0000276410	-0.0000856321	-0.0708487374	-0.0000085070	-0.0000262419	-2.0572453121	0.1160495911	0.0949310041	0.0045609668	0.3123272658	-0.0386516534	0.1775924325
2.1000000000	-0.0000313146	-0.0001015116	-0.0826229260	-0.0000313146	-0.0001015116	-0.0826229260	-0.0000096566	-0.0000312078	-2.0608365403	0.1136790346	0.0929216948	0.0017213297	0.3105034726	-0.0384289930	0.1704648729
2.2000000000	-0.0000335665	-0.0001121566	-0.0965852906	-0.0000335665	-0.0001121566	-0.0965852906	-0.0000103684	-0.0000345717	-2.0650463701	0.1107653300	0.0904776113	-0.0014586467	0.3082403876	-0.0381507177	0.1622553868
2.3000000000	-0.0000348689	-0.0001188496	-0.1127395908	-0.0000348689	-0.0001188496	-0.1127395908	-0.0000107841	-0.0000367214	-2.0698291740	0.1072882554	0.0875837829	-0.0049072462	0.3054998553	-0.0378125803	0.1530606781
2.4000000000	-0.0000356266	-0.0001228177	-0.1310716929	-0.0000356266	-0.0001228177	-0.1310716929	-0.0000110198	-0.0000380254	-2.0751121325	0.1032419101	0.0842352798	-0.0085428885	0.3022490359	-0.0374108856	0.1429937253
2.5000000000	-0.0000361846	-0.0001250555	-0.1515617761	-0.0000361846	-0.0001250555	-0.1515617761	-0.0000111610	-0.0000387797	-2.0807965868	0.0986336276	0.0804368788	-0.0122790847	0.2984603978	-0.0369424757	0.1321744169
2.6000000000	-0.0000368967	-0.0001262962	-0.1741933636	-0.0000368967	-0.0001262962	-0.1741933636	-0.0000112653	-0.0000391964	-2.0867603640	0.0934822993	0.0762022650	-0.0160289878	0.2941113416	-0.0364047167	0.1207227685
2.7000000000	-0.0000382343	-0.0001270721	-0.1989591177	-0.0000382343	-0.0001270721	-0.1989591177	-0.0000113645	-0.0000394118	-2.0928610582	0.0878164352	0.0715529022	-0.0197093938	0.2891836402	-0.0357954818	0.1087544794
2.8000000000	-0.0000409249	-0.0001278207	-0.2258637637	-0.0000409249	-0.0001278207	-0.2258637637	-0.0000114556	-0.0000394992	-2.0989400447	0.0816722244	0.0665167425	-0.0232440442	0.2836628769	-0.0351131359	0.0963783883
2.9000000000	-0.0000461109	-0.0001290102	-0.2549247541	-0.0000461109	-0.0001290102	-0.2549247541	-0.0000114767	-0.0000394744	-2.1048268830	0.0750917623	0.0611269232	-0.0265661114	0.2775380091	-0.0343565316	0.0836953434
3.0000000000	-0.0000555227	-0.0001312754	-0.2861713636	-0.0000555227	-0.0001312754	-0.2861713636	-0.0000112639	-0.0000392885	-2.1103437418	0.0681215200	0.0554205501	-0.0296198208	0.2708011159	-0.0335250230	0.0707980300
3.1000000000	-0.0000716537	-0.0001355593	-0.3196428582	-0.0000716537	-0.0001355593	-0.3196428582	-0.0000104893	-0.0000388056	-2.1153095283	0.0608110605	0.0494376171	-0.0323612366	0.2634473298	-0.0326184947	0.0577713783
3.2000000000	-0.0000979254	-0.0001432576	-0.3553862625	-0.0000979254	-0.0001432576	-0.3553862625	-0.0000085817	-0.0000377654	-2.1195435034	0.0532119684	0.0432200692	-0.0347583161	0.2554749089	-0.0316373980	0.0446932584
3.3000000000	-0.0001388327	-0.0001563624	-0.3934540934	-0.0001388327	-0.0001563624	-0.3934540934	-0.0000046344	-0.0000357308	-2.1228682692	0.0453769444	0.0368109941	-0.0367903781	0.2468853922	-0.0305827850	0.0316352561
3.4000000000	-0.0002000549	-0.0001775975	-0.4339022889	-0.0002000549	-0.0001775975	-0.4339022889	0.0000026952	-0.0000320237	-2.1251121113	0.0373590165	0.0302539167	-0.0384471513	0.2376837797	-0.0294563285	0.0186633994
3.5000000000	-0.0002885298	-0.0002105374	-0.4767884371	-0.0002885298	-0.0002105374	-0.4767884371	0.0000152859	-0.0000256531	-2.1261107457	0.0292108329	0.0235921715	-0.0397275623	0.2278786882	-0.0282603229	0.0058387636
3.6000000000	-0.0004124835	-0.0002597042	-0.5221703332	-0.0004124835	-0.0002597042	-0.5221703332	0.0000356477	-0.0000152397	-2.1257085656	0.0209840137	0.0168683356	-0.0406383986	0.2174824537	-0.0269976603	-0.0067820726
3.7000000000	-0.0005814172	-0.0003306344	-0.5701048387	-0.0005814172	-0.0003306344	-0.5701048387	0.0000670033	0.0000010579	-2.1237594955	0.0127285507	0.0101237109	-0.0411929528	0.2065111606	-0.0256717845	-0.0191467154
3.8000000000	-0.0008060530	-0.0004299133	-0.6206469962	-0.0008060530	-0.0004299133	-0.6206469962	0.0001133514	0.0000256106	-2.1201275598	0.0044922569	0.0033978536	-0.0414097199	0.1949845937	-0.0242866248	-0.0312067700
3.9000000000	-0.0010982418	-0.0005651744	-0.6738493467	-0.0010982418	-0.0005651744	-0.6738493467	0.0001795076	0.0000613747	-2.1146872559	-0.0036797302	-0.0032718476	-0.0413111963	0.1829261173	-0.0228465143	-0.0429177484
4.0000000000	-0.0014708412	-0.0007450658	-0.7297614051	-0.0014708412	-0.0007450658	-0.7297614051	0.0002711201	0.0001119328	-2.1073238033	-0.0117453821	-0.0098505384	-0.0409227997	0.1703624872	-0.0213560995	-0.0542390419
4.1000000000	-0.0019375660	-0.0009791844	-0.7884292550	-0.0019375660	-0.0009791844	-0.7884292550	0.0003946590	0.0001815172	-2.0979333169	-0.0196661416	-0.0163062070	-0.0402719226	0.1573236088	-0.0198202463	-0.0651339279
4.2000000000	-0.0025128217	-0.0012779834	-0.8498952385	-0.0025128217	-0.0012779834	-0.8498952385	0.0005573806	0.0002750137	-2.0864229348	-0.0274072066	-0.0226099257	-0.0393871127	0.1438422497	-0.0182439464	-0.0755695881
4.3000000000	-0.0032115238	-0.0016526556	-0.9141977253	-0.0032115238	-0.0016526556	-0.9141977253	0.0007672676	0.0003979465	-2.0727109146	-0.0349377319	-0.0287360260	-0.0382973757	0.1299537181	-0.0166322295	-0.0855171183
4.4000000000	-0.0040489105	-0.0021150002	-0.9813709499	-0.0040489105	-0.0021150002	-0.9813709499	0.0010329482	0.0005564433	-2.0567267026	-0.0422309482	-0.0346622041	-0.0370315884	0.1156955165	-0.0149900828	-0.0949515187
4.5000000000	-0.0050403549	-0.0026772763	-1.0514449132	-0.0050403549	-0.0026772763	-1.0514449132	0.0013635984	0.0007571837	-2.0384109732	-0.0492642005	-0.0403695594	-0.0356180124	0.1011069781	-0.0133223804	-0.1038516555
4.6000000000	-0.0062011784	-0.0033520486	-1.1244453436	-0.0062011784	-0.0033520486	-1.1244453436	0.0017688311	0.0010073319	-2.0177156314	-0.0560189107	-0.0458425715	-0.0340838978	0.0862288923	-0.0116338230	-0.1122001909
4.7000000000	-0.0075464734	-0.0041520317	-1.2003937164	-0.0075464734	-0.0041520317	-1.2003937164	0.0022585753	0.0013144578	-1.9946037721	-0.0624804728	-0.0510690181	-0.0324551673	0.0711031277	-0.0099288886	-0.1199834807
4.8000000000	-0.0090909346	-0.0050899342	-1.2793073281	-0.0090909346	-0.0050899342	-1.2793073281	0.0028429507	0.0016864480	-1.9690495907	-0.0686380875	-0.0560398443	-0.0307561730	0.0557722553	-0.0082117928	-0.1271914412
4.9000000000	-0.0108487046	-0.0061783090	-1.3611994211	-0.0108487046	-0.0061783090	-1.3611994211	0.0035321415	0.0021314113	-1.9410382388	-0.0744845478	-0.0607489897	-0.0290095183	0.0402791789	-0.0064864593	-0.1338173884
