#real_cutoff=2
#reciprocal_cutoff=4
#r0 - r0 : [0.0, 0.0, 0.0, 0.0]
#r0 - r1 : [0.0, 0.0, 0.0, 0.0]
#r0 - r2 : [0.9999999999999999, 0.0, 0.0, 0.9999999999999999]
#r0 - r3 : [1.9553522243833719, 1.33555, 1.0930010000000001, -0.9192700000000001]
#r0 - r4 : [1.4258563194855927, 1.33555, -0.16516899999999968, -0.4712660000000001]
alpha	0x	0y	0z	1x	1y	1z	2x	2y	2z	3x	3y	3z	4x	4y	4z
0.1000000000	0.0057408905	0.0049121437	-0.0147023435	0.0057408905	0.0049121437	-0.0147023435	0.0057477228	0.0048549323	-2.0230632268	0.1274657709	0.1047714206	0.0375296155	0.3224886866	-0.0343734749	0.2222825637
0.2000000000	0.0055190233	0.0047387927	-0.0182928882	0.0055190233	0.0047387927	-0.0182928882	0.0055264944	0.0046820805	-2.0266444066	0.1272387893	0.1045936626	0.0339537024	0.3222643222	-0.0345461688	0.2186987545
0.3000000000	0.0046887067	0.0040783546	-0.0240594516	0.0046887067	0.0040783546	-0.0240594516	0.0047007026	0.0040252426	-2.0323807802	0.1264016445	0.1039262403	0.0282249962	0.3214318692	-0.0352041554	0.2129499709
0.4000000000	0.0033415691	0.0029779808	-0.0296779127	0.0033415691	0.0029779808	-0.0296779127	0.0033630395	0.0029326080	-2.0379599531	0.1250601341	0.1028282749	0.0226435623	0.3200915966	-0.0363012436	0.2073489875
0.5000000000	0.0020049894	0.0018521879	-0.0338647223	0.0020049894	0.0018521879	-0.0338647223	0.0020340284	0.0018131380	-2.0421218753	0.1237372449	0.1017129134	0.0184775346	0.3187666999	-0.0374247224	0.2031717057
0.6000000000	0.0010397333	0.0010165345	-0.0364979076	0.0010397333	0.0010165345	-0.0364979076	0.0010673927	0.0009761454	-2.0447573909	0.1227817783	0.1008860315	0.0158528692	0.3178091885	-0.0382593011	0.2005421632
0.7000000000	0.0004809416	0.0005235016	-0.0379400856	0.0004809416	0.0005235016	-0.0379400856	0.0004981524	0.0004737446	-2.0462258129	0.1222268245	0.1003969637	0.0144133570	0.3172532766	-0.0387520024	0.1991009891
0.8000000000	0.0002085694	0.0002808595	-0.0386295521	0.0002085694	0.0002808595	-0.0386295521	0.0002114629	0.0002182420	-2.0469514578	0.1219555339	0.1001554624	0.0137242488	0.3169817206	-0.0389946478	0.1984115168
0.9000000000	0.0000945386	0.0001790854	-0.0389152052	0.0000945386	0.0001790854	-0.0389152052	0.0000848056	0.0001051002	-2.0472689690	0.1218419554	0.1000539459	0.0134380924	0.3168681190	-0.0390965823	0.1981254247
1.0000000000	0.0000533174	0.0001423139	-0.0390187096	0.0000533174	0.0001423139	-0.0390187096	0.0000353063	0.0000609463	-2.0473918910	0.1218008558	0.1000171581	0.0133350257	0.3168270289	-0.0391334269	0.1980219872
1.1000000000	0.0000402290	0.0001299797	-0.0390668868	0.0000402290	0.0001299797	-0.0390668868	0.0000181262	0.0000454559	-2.0474385139	0.1217859760	0.1000035615	0.0132971020	0.3168120988	-0.0391449159	0.1979789419
1.2000000000	0.0000356406	0.0001231087	-0.0391600157	0.0000356406	0.0001231087	-0.0391600157	0.0000125645	0.0000396590	-2.0474769649	0.1217709196	0.0999888311	0.0132581550	0.3167973745	-0.0391477531	0.1979127608
1.3000000000	0.0000317344	0.0001126372	-0.0394436184	0.0000317344	0.0001126372	-0.0394436184	0.0000102108	0.0000354087	-2.0475671662	0.1217294608	0.0999482118	0.0131594357	0.3167591845	-0.0391467874	0.1977194464
1.4000000000	0.0000256122	0.0000942221	-0.0401489696	0.0000256122	0.0000942221	-0.0401489696	0.0000080420	0.0000294734	-2.0477857207	0.1216230137	0.0998457878	0.0129276398	0.3166659157	-0.0391408932	0.1972423231
1.5000000000	0.0000167750	0.0000671367	-0.0415862601	0.0000167750	0.0000671367	-0.0415862601	0.0000052529	0.0000210521	-2.0482299781	0.1213973106	0.0996327658	0.0124757866	0.3164762037	-0.0391254479	0.1962768492
1.6000000000	0.0000061562	0.0000337682	-0.0441033218	0.0000061562	0.0000337682	-0.0441033218	0.0000019605	0.0000107305	-2.0490077480	0.1209857891	0.0992520339	0.0117167250	0.3161418512	-0.0390936791	0.1946016856
1.7000000000	-0.0000046951	-0.0000017245	-0.0480361487	-0.0000046951	-0.0000017245	-0.0480361487	-0.0000013956	-0.0000002420	-2.0502226661	0.1203156446	0.0986444805	0.0105781780	0.3156114625	-0.0390378330	0.1920161178
1.8000000000	-0.0000143789	-0.0000351490	-0.0536711841	-0.0000143789	-0.0000351490	-0.0536711841	-0.0000043914	-0.0000105805	-2.0519622073	0.1193137795	0.0977539888	0.0090130508	0.3148329182	-0.0389501629	0.1883684315
1.9000000000	-0.0000220851	-0.0000635494	-0.0612263709	-0.0000220851	-0.0000635494	-0.0612263709	-0.0000067793	-0.0000193786	-2.0542905418	0.1179117298	0.0965303844	0.0070036319	0.3137547679	-0.0388235380	0.1835694067
2.0000000000	-0.0000276408	-0.0000856321	-0.0708487375	-0.0000276408	-0.0000856321	-0.0708487375	-0.0000085069	-0.0000262419	-2.0572453121	0.1160495912	0.0949310042	0.0045609668	0.3123272659	-0.0386516534	0.1775924325
2.1000000000	-0.0000313133	-0.0001015117	-0.0826229267	-0.0000313133	-0.0001015117	-0.0826229267	-0.0000096563	-0.0000312078	-2.0608365403	0.1136790350	0.0929216949	0.0017213295	0.3105034730	-0.0384289930	0.1704648726
2.2000000000	-0.0000335595	-0.0001121567	-0.0965852940	-0.0000335595	-0.0001121567	-0.0965852940	-0.0000103670	-0.0000345718	-2.0650463704	0.1107653323	0.0904776119	-0.0014586479	0.3082403897	-0.0381507174	0.1622553857
2.3000000000	-0.0000348396	-0.0001188491	-0.1127396055	-0.0000348396	-0.0001188491	-0.1127396055	-0.0000107789	-0.0000367215	-2.0698291745	0.1072882651	0.0875837858	-0.0049072513	0.3054998643	-0.0378125786	0.1530606729
2.4000000000	-0.0000355228	-0.0001228134	-0.1310717478	-0.0000355228	-0.0001228134	-0.1310717478	-0.0000110043	-0.0000380256	-2.0751121319	0.1032419448	0.0842352912	-0.0085429077	0.3022490677	-0.0374108784	0.1429937059
2.5000000000	-0.0000358660	-0.0001250335	-0.1515619530	-0.0000358660	-0.0001250335	-0.1515619530	-0.0000111212	-0.0000387802	-2.0807965774	0.0986337355	0.0804369179	-0.0122791469	0.2984604952	-0.0369424494	0.1321743541
2.6000000000	-0.0000360294	-0.0001262124	-0.1741938687	-0.0000360294	-0.0001262124	-0.1741938687	-0.0000111790	-0.0000391983	-2.0867603172	0.0934825963	0.0762023822	-0.0160291656	0.2941116055	-0.0364046344	0.1207225887
2.7000000000	-0.0000361061	-0.0001268072	-0.1989604166	-0.0000361061	-0.0001268072	-0.1989604166	-0.0000112058	-0.0000394207	-2.0928608897	0.0878171711	0.0715532147	-0.0197098504	0.2891842850	-0.0357952560	0.1087540169
2.8000000000	-0.0000361503	-0.0001270929	-0.2258668149	-0.0000361503	-0.0001270929	-0.2258668149	-0.0000112163	-0.0000395344	-2.0989395437	0.0816738896	0.0665174969	-0.0232451107	0.2836643164	-0.0351125815	0.0963773048
2.9000000000	-0.0000362012	-0.0001272249	-0.2549313787	-0.0000362012	-0.0001272249	-0.2549313787	-0.0000112153	-0.0000395898	-2.1048255848	0.0750952442	0.0611285926	-0.0265684060	0.2775409800	-0.0343552939	0.0836930034
3.0000000000	-0.0000363060	-0.0001272876	-0.2861847890	-0.0000363060	-0.0001272876	-0.2861847890	-0.0000111990	-0.0000396142	-2.1103407186	0.0681283143	0.0554239747	-0.0296244129	0.2708068415	-0.0335224776	0.0707933254
3.1000000000	-0.0000365439	-0.0001273300	-0.3196684700	-0.0000365439	-0.0001273300	-0.3196684700	-0.0000111516	-0.0000396193	-2.1153030753	0.0608235364	0.0494441900	-0.0323698602	0.2634577195	-0.0326136222	0.0577624974
3.2000000000	-0.0000370586	-0.0001273924	-0.3554325893	-0.0000370586	-0.0001273924	-0.3554325893	-0.0000110378	-0.0000396055	-2.1195306997	0.0532336798	0.0432319655	-0.0347736247	0.2554927875	-0.0316286399	0.0446774032
3.3000000000	-0.0000381006	-0.0001275284	-0.3935340396	-0.0000381006	-0.0001275284	-0.3935340396	-0.0000107887	-0.0000395603	-2.1228444014	0.0454129713	0.0368314339	-0.0368162310	0.2469147444	-0.0305678926	0.0316083177
3.4000000000	-0.0000400823	-0.0001278297	-0.4340346189	-0.0000400823	-0.0001278297	-0.4340346189	-0.0000102822	-0.0000394534	-2.1250699568	0.0374163176	0.0302874487	-0.0384889133	0.2377299943	-0.0294322211	0.0186196085
3.5000000000	-0.0000436468	-0.0001284561	-0.4769995055	-0.0000436468	-0.0001284561	-0.4769995055	-0.0000093145	-0.0000392264	-2.1260397289	0.0292985851	0.0236449583	-0.0397923955	0.2279487843	-0.0282229700	0.0057703366
3.6000000000	-0.0000497488	-0.0001296743	-0.5224960468	-0.0000497488	-0.0001296743	-0.5224960468	-0.0000075649	-0.0000387774	-2.1255938083	0.0211139150	0.0169484209	-0.0407355239	0.2175852703	-0.0269420055	-0.0068852659
3.7000000000	-0.0000597438	-0.0001319062	-0.5705928296	-0.0000597438	-0.0001319062	-0.5705928296	-0.0000045524	-0.0000379399	-2.1235807983	0.0129150660	0.0102412493	-0.0413338579	0.2066574947	-0.0255917207	-0.0192974410
3.8000000000	-0.0000754841	-0.0001357868	-0.6213589810	-0.0000754841	-0.0001357868	-0.6213589810	0.0000004142	-0.0000364560	-2.1198583568	0.0047527876	0.0035652854	-0.0416082963	0.1951872733	-0.0241750297	-0.0314206511
3.9000000000	-0.0000994148	-0.0001422306	-0.6748636422	-0.0000994148	-0.0001422306	-0.6748636422	0.0000082898	-0.0000339440	-2.1142935933	-0.0033247642	-0.0030396886	-0.0415837885	0.1832000010	-0.0226953475	-0.0432134047
4.0000000000	-0.0001346663	-0.0001525042	-0.7311755661	-0.0001346663	-0.0001525042	-0.7311755661	0.0000203492	-0.0000298615	-2.1067633927	-0.0112725548	-0.0095363943	-0.0412881613	0.1707243861	-0.0211565585	-0.0546381344
4.1000000000	-0.0001851380	-0.0001683011	-0.7903627968	-0.0001851380	-0.0001683011	-0.7903627968	0.0000382422	-0.0000234658	-2.0971547107	-0.0190491288	-0.0158904439	-0.0407510738	0.1577921304	-0.0195629736	-0.0656611046
4.2000000000	-0.0002555714	-0.0001918177	-0.8524924019	-0.0002555714	-0.0001918177	-0.8524924019	0.0000640444	-0.0000137724	-2.0853648664	-0.0266169846	-0.0220706610	-0.0400031059	0.1444375680	-0.0179192774	-0.0762523331
4.3000000000	-0.0003516063	-0.0002258242	-0.9176302373	-0.0003516063	-0.0002258242	-0.9176302373	0.0001003014	0.0000004860	-2.0713018380	-0.0339428595	-0.0280493282	-0.0390749780	0.1306972785	-0.0162304675	-0.0863855116
4.4000000000	-0.0004798209	-0.0002737301	-0.9858407310	-0.0004798209	-0.0002737301	-0.9858407310	0.0001500633	0.0000208965	-2.0548845529	-0.0409979201	-0.0338023570	-0.0379968938	0.1166096854	-0.0145017886	-0.0960379187
4.5000000000	-0.0006477533	-0.0003396395	-1.0571866786	-0.0006477533	-0.0003396395	-1.0571866786	0.0002169080	0.0000494001	-2.0360431617	-0.0477578579	-0.0393093808	-0.0367980022	0.1022146500	-0.0127386625	-0.1051903187
4.6000000000	-0.0008639032	-0.0004283940	-1.1317290459	-0.0008639032	-0.0004283940	-1.1317290459	0.0003049507	0.0000883172	-2.0147192752	-0.0542028955	-0.0445537724	-0.0355059661	0.0875530698	-0.0109466163	-0.1138268455
4.7000000000	-0.0011377163	-0.0005456032	-1.2095267787	-0.0011377163	-0.0005456032	-1.2095267787	0.0004188408	0.0001403661	-1.9908661498	-0.0603177092	-0.0495225910	-0.0341466316	0.0726664873	-0.0091312116	-0.1219348711
4.8000000000	-0.0014795500	-0.0006976602	-1.2906366172	-0.0014795500	-0.0006976602	-1.2906366172	0.0005637433	0.0002086721	-1.9644488056	-0.0660912765	-0.0542064673	-0.0327437863	0.0575967149	-0.0072979751	-0.1295048587
4.9000000000	-0.0019006233	-0.0008917415	-1.3751129199	-0.0019006233	-0.0008917415	-1.3751129199	0.0007453084	0.0002967660	-1.9354440657	-0.0715166616	-0.0585994335	-0.0313189997	0.0423854794	-0.0054523338	-0.1365302022
