#real_cutoff=2
#reciprocal_cutoff=6
#r0 - r0 : [0.0, 0.0, 0.0, 0.0]
#r0 - r1 : [0.0, 0.0, 0.0, 0.0]
#r0 - r2 : [0.9999999999999999, 0.0, 0.0, 0.9999999999999999]
#r0 - r3 : [1.9553522243833719, 1.33555, 1.0930010000000001, -0.9192700000000001]
#r0 - r4 : [1.4258563194855927, 1.33555, -0.16516899999999968, -0.4712660000000001]
alpha	0x	0y	0z	1x	1y	1z	2x	2y	2z	3x	3y	3z	4x	4y	4z
0.1000000000	0.0057408905	0.0049121437	-0.0147023435	0.0057408905	0.0049121437	-0.0147023435	0.0057477228	0.0048549323	-2.0230632268	0.1274657709	0.1047714206	0.0375296155	0.3224886866	-0.0343734749	0.2222825637
0.2000000000	0.0055190233	0.0047387927	-0.0182928882	0.0055190233	0.0047387927	-0.0182928882	0.0055264944	0.0046820805	-2.0266444066	0.1272387893	0.1045936626	0.0339537024	0.3222643222	-0.0345461688	0.2186987545
0.3000000000	0.0046887067	0.0040783546	-0.0240594516	0.0046887067	0.0040783546	-0.0240594516	0.0047007026	0.0040252426	-2.0323807802	0.1264016445	0.1039262403	0.0282249962	0.3214318692	-0.0352041554	0.2129499709
0.4000000000	0.0033415691	0.0029779808	-0.0296779127	0.0033415691	0.0029779808	-0.0296779127	0.0033630395	0.0029326080	-2.0379599531	0.1250601341	0.1028282749	0.0226435623	0.3200915966	-0.0363012436	0.2073489875
0.5000000000	0.0020049894	0.0018521879	-0.0338647223	0.0020049894	0.0018521879	-0.0338647223	0.0020340284	0.0018131380	-2.0421218753	0.1237372449	0.1017129134	0.0184775346	0.3187666999	-0.0374247224	0.2031717057
0.6000000000	0.0010397333	0.0010165345	-0.0364979076	0.0010397333	0.0010165345	-0.0364979076	0.0010673927	0.0009761454	-2.0447573909	0.1227817783	0.1008860315	0.0158528692	0.3178091885	-0.0382593011	0.2005421632
0.7000000000	0.0004809416	0.0005235016	-0.0379400856	0.0004809416	0.0005235016	-0.0379400856	0.0004981524	0.0004737446	-2.0462258129	0.1222268245	0.1003969637	0.0144133570	0.3172532766	-0.0387520024	0.1991009891
0.8000000000	0.0002085694	0.0002808595	-0.0386295521	0.0002085694	0.0002808595	-0.0386295521	0.0002114629	0.0002182420	-2.0469514578	0.1219555339	0.1001554624	0.0137242488	0.3169817206	-0.0389946478	0.1984115168
0.9000000000	0.0000945386	0.0001790854	-0.0389152052	0.0000945386	0.0001790854	-0.0389152052	0.0000848056	0.0001051002	-2.0472689690	0.1218419554	0.1000539459	0.0134380924	0.3168681190	-0.0390965823	0.1981254247
1.0000000000	0.0000533174	0.0001423139	-0.0390187096	0.0000533174	0.0001423139	-0.0390187096	0.0000353063	0.0000609463	-2.0473918910	0.1218008558	0.1000171581	0.0133350257	0.3168270289	-0.0391334269	0.1980219872
1.1000000000	0.0000402290	0.0001299797	-0.0390668868	0.0000402290	0.0001299797	-0.0390668868	0.0000181262	0.0000454559	-2.0474385139	0.1217859760	0.1000035615	0.0132971020	0.3168120988	-0.0391449159	0.1979789419
1.2000000000	0.0000356406	0.0001231087	-0.0391600157	0.0000356406	0.0001231087	-0.0391600157	0.0000125645	0.0000396590	-2.0474769649	0.1217709196	0.0999888311	0.0132581550	0.3167973745	-0.0391477531	0.1979127608
1.3000000000	0.0000317344	0.0001126372	-0.0394436184	0.0000317344	0.0001126372	-0.0394436184	0.0000102108	0.0000354087	-2.0475671662	0.1217294608	0.0999482118	0.0131594357	0.3167591845	-0.0391467874	0.1977194464
1.4000000000	0.0000256122	0.0000942221	-0.0401489696	0.0000256122	0.0000942221	-0.0401489696	0.0000080420	0.0000294734	-2.0477857207	0.1216230137	0.0998457878	0.0129276398	0.3166659157	-0.0391408932	0.1972423231
1.5000000000	0.0000167750	0.0000671367	-0.0415862601	0.0000167750	0.0000671367	-0.0415862601	0.0000052529	0.0000210521	-2.0482299781	0.1213973106	0.0996327658	0.0124757866	0.3164762037	-0.0391254479	0.1962768492
1.6000000000	0.0000061562	0.0000337682	-0.0441033218	0.0000061562	0.0000337682	-0.0441033218	0.0000019605	0.0000107305	-2.0490077480	0.1209857891	0.0992520339	0.0117167250	0.3161418512	-0.0390936791	0.1946016856
1.7000000000	-0.0000046951	-0.0000017245	-0.0480361487	-0.0000046951	-0.0000017245	-0.0480361487	-0.0000013956	-0.0000002420	-2.0502226661	0.1203156446	0.0986444805	0.0105781780	0.3156114625	-0.0390378330	0.1920161178
1.8000000000	-0.0000143789	-0.0000351490	-0.0536711841	-0.0000143789	-0.0000351490	-0.0536711841	-0.0000043914	-0.0000105805	-2.0519622073	0.1193137795	0.0977539888	0.0090130508	0.3148329182	-0.0389501629	0.1883684315
1.9000000000	-0.0000220851	-0.0000635494	-0.0612263709	-0.0000220851	-0.0000635494	-0.0612263709	-0.0000067793	-0.0000193786	-2.0542905418	0.1179117298	0.0965303844	0.0070036319	0.3137547679	-0.0388235380	0.1835694067
2.0000000000	-0.0000276408	-0.0000856321	-0.0708487375	-0.0000276408	-0.0000856321	-0.0708487375	-0.0000085069	-0.0000262419	-2.0572453121	0.1160495912	0.0949310042	0.0045609668	0.3123272659	-0.0386516534	0.1775924325
2.1000000000	-0.0000313133	-0.0001015117	-0.0826229267	-0.0000313133	-0.0001015117	-0.0826229267	-0.0000096563	-0.0000312078	-2.0608365403	0.1136790350	0.0929216949	0.0017213295	0.3105034730	-0.0384289930	0.1704648726
2.2000000000	-0.0000335595	-0.0001121567	-0.0965852940	-0.0000335595	-0.0001121567	-0.0965852940	-0.0000103670	-0.0000345718	-2.0650463704	0.1107653323	0.0904776119	-0.0014586479	0.3082403897	-0.0381507174	0.1622553857
2.3000000000	-0.0000348396	-0.0001188491	-0.1127396055	-0.0000348396	-0.0001188491	-0.1127396055	-0.0000107789	-0.0000367215	-2.0698291745	0.1072882651	0.0875837858	-0.0049072513	0.3054998643	-0.0378125786	0.1530606729
2.4000000000	-0.0000355228	-0.0001228134	-0.1310717478	-0.0000355228	-0.0001228134	-0.1310717478	-0.0000110043	-0.0000380256	-2.0751121319	0.1032419448	0.0842352912	-0.0085429077	0.3022490678	-0.0374108784	0.1429937059
2.5000000000	-0.0000358657	-0.0001250336	-0.1515619531	-0.0000358657	-0.0001250336	-0.1515619531	-0.0000111212	-0.0000387802	-2.0807965774	0.0986337357	0.0804369179	-0.0122791469	0.2984604954	-0.0369424494	0.1321743540
2.6000000000	-0.0000360280	-0.0001262125	-0.1741938693	-0.0000360280	-0.0001262125	-0.1741938693	-0.0000111791	-0.0000391983	-2.0867603170	0.0934825971	0.0762023821	-0.0160291660	0.2941116069	-0.0364046345	0.1207225881
2.7000000000	-0.0000361007	-0.0001268072	-0.1989604193	-0.0000361007	-0.0001268072	-0.1989604193	-0.0000112065	-0.0000394208	-2.0928608888	0.0878171744	0.0715532146	-0.0197098519	0.2891842905	-0.0357952564	0.1087540144
2.8000000000	-0.0000361315	-0.0001270929	-0.2258668245	-0.0000361315	-0.0001270929	-0.2258668245	-0.0000112189	-0.0000395346	-2.0989395402	0.0816739006	0.0665174964	-0.0232451161	0.2836643352	-0.0351125826	0.0963772958
2.9000000000	-0.0000361438	-0.0001272236	-0.2549314089	-0.0000361438	-0.0001272236	-0.2549314089	-0.0000112242	-0.0000395907	-2.1048255730	0.0750952765	0.0611285916	-0.0265684223	0.2775410372	-0.0343552966	0.0836929752
3.0000000000	-0.0000361486	-0.0001272808	-0.2861848745	-0.0000361486	-0.0001272808	-0.2861848745	-0.0000112265	-0.0000396174	-2.1103406835	0.0681283995	0.0554239733	-0.0296244572	0.2708069980	-0.0335224838	0.0707932462
3.1000000000	-0.0000361503	-0.0001273046	-0.3196686915	-0.0000361503	-0.0001273046	-0.3196686915	-0.0000112274	-0.0000396296	-2.1153029805	0.0608237408	0.0494441892	-0.0323699697	0.2634581102	-0.0326136351	0.0577622950
3.2000000000	-0.0000361509	-0.0001273141	-0.3554331180	-0.0000361509	-0.0001273141	-0.3554331180	-0.0000112277	-0.0000396349	-2.1195304650	0.0532341312	0.0432319690	-0.0347738742	0.2554936867	-0.0316286642	0.0446769265
3.3000000000	-0.0000361511	-0.0001273177	-0.3935352148	-0.0000361511	-0.0001273177	-0.3935352148	-0.0000112278	-0.0000396372	-2.1228438624	0.0454138983	0.0368314517	-0.0368167592	0.2469166709	-0.0305679341	0.0316072735
3.4000000000	-0.0000361513	-0.0001273190	-0.4340370703	-0.0000361513	-0.0001273190	-0.4340370703	-0.0000112278	-0.0000396381	-2.1250687993	0.0374181016	0.0302875016	-0.0384899605	0.2377338677	-0.0294322860	0.0186174630
3.5000000000	-0.0000361518	-0.0001273195	-0.4770043390	-0.0000361518	-0.0001273195	-0.4770043390	-0.0000112276	-0.0000396385	-2.1260373874	0.0293018253	0.0236450851	-0.0397943542	0.2279561455	-0.0282230638	0.0057661730
3.6000000000	-0.0000361530	-0.0001273196	-0.5225051103	-0.0000361530	-0.0001273196	-0.5225051103	-0.0000112270	-0.0000396387	-2.1255893177	0.0211195028	0.0169486861	-0.0407390009	0.2175985736	-0.0269421310	-0.0068929456
3.7000000000	-0.0000361562	-0.0001273196	-0.5706090781	-0.0000361562	-0.0001273196	-0.5706090781	-0.0000112253	-0.0000396387	-2.1235725890	0.0129242634	0.0102417502	-0.0413397468	0.2066804788	-0.0255918778	-0.0193109750
3.8000000000	-0.0000361642	-0.0001273196	-0.6213869589	-0.0000361642	-0.0001273196	-0.6213869589	-0.0000112211	-0.0000396387	-2.1198439834	0.0047673027	0.0035661572	-0.0416178563	0.1952254111	-0.0241752167	-0.0314435459
3.9000000000	-0.0000361826	-0.0001273197	-0.6749100993	-0.0000361826	-0.0001273197	-0.6749100993	-0.0000112114	-0.0000396386	-2.1142693928	-0.0033027127	-0.0030382753	-0.0415987240	0.1832610242	-0.0226955680	-0.0432507329
4.0000000000	-0.0000362227	-0.0001273207	-0.7312502215	-0.0000362227	-0.0001273207	-0.7312502215	-0.0000111905	-0.0000396378	-2.1067240683	-0.0112401942	-0.0095342443	-0.0413106959	0.1708188746	-0.0211568348	-0.0546970007
4.1000000000	-0.0000363047	-0.0001273240	-0.7904792625	-0.0000363047	-0.0001273240	-0.7904792625	-0.0000111477	-0.0000396356	-2.0970928480	-0.0190031157	-0.0158873622	-0.0407840121	0.1579341533	-0.0195633700	-0.0657511762
4.2000000000	-0.0000364642	-0.0001273331	-0.8526692745	-0.0000364642	-0.0001273331	-0.8526692745	-0.0000110645	-0.0000396300	-2.0852703917	-0.0265534234	-0.0220664930	-0.0400498765	0.1446453584	-0.0179199365	-0.0763864238
4.3000000000	-0.0000367603	-0.0001273547	-0.9178923631	-0.0000367603	-0.0001273547	-0.9178923631	-0.0000109105	-0.0000396170	-2.0711614348	-0.0338573584	-0.0280440184	-0.0391396505	0.1309939223	-0.0162316611	-0.0865802107
4.4000000000	-0.0000372874	-0.0001274021	-0.9862206471	-0.0000372874	-0.0001274021	-0.9862206471	-0.0000106371	-0.0000395894	-2.0546810628	-0.0408856856	-0.0337960266	-0.0380841682	0.1170238039	-0.0145039845	-0.0963142491
4.5000000000	-0.0000381897	-0.0001274985	-1.0577262298	-0.0000381897	-0.0001274985	-1.0577262298	-0.0000101707	-0.0000395347	-2.0357549954	-0.0476138275	-0.0393024223	-0.0369131653	0.1027810558	-0.0127426086	-0.1055744115
4.6000000000	-0.0000396812	-0.0001276831	-1.1324811740	-0.0000396812	-0.0001276831	-1.1324811740	-0.0000094030	-0.0000394321	-2.0143198690	-0.0540219021	-0.0445469594	-0.0356548162	0.0883133767	-0.0109534421	-0.1143506153
4.7000000000	-0.0000420688	-0.0001280192	-1.2105574777	-0.0000420688	-0.0001280192	-1.2105574777	-0.0000081802	-0.0000392487	-1.9903235020	-0.0600946711	-0.0495171996	-0.0343353722	0.0736696570	-0.0091425443	-0.1226366783
4.8000000000	-0.0000457798	-0.0001286043	-1.2920270469	-0.0000457798	-0.0001286043	-1.2920270469	-0.0000062902	-0.0000389350	-1.9637251287	-0.0658214054	-0.0542044028	-0.0329788920	0.0588995272	-0.0073160705	-0.1304301447
4.9000000000	-0.0000513944	-0.0001295839	-1.3769616640	-0.0000513944	-0.0001295839	-1.3769616640	-0.0000034492	-0.0000384183	-1.9344955884	-0.0711956769	-0.0586033577	-0.0316070592	0.0440529134	-0.0054802176	-0.1377320876
