#real_cutoff=5
#reciprocal_cutoff=6
#r0 - r0 : [0.0, 0.0, 0.0, 0.0]
#r0 - r1 : [0.0, 0.0, 0.0, 0.0]
#r0 - r2 : [0.9999999999999999, 0.0, 0.0, 0.9999999999999999]
#r0 - r3 : [1.9553522243833719, 1.33555, 1.0930010000000001, -0.9192700000000001]
#r0 - r4 : [1.4258563194855927, 1.33555, -0.16516899999999968, -0.4712660000000001]
alpha	0x	0y	0z	1x	1y	1z	2x	2y	2z	3x	3y	3z	4x	4y	4z
0.1000000000	0.0053924768	0.0046493651	-0.0194267142	0.0053924768	0.0046493651	-0.0194267142	0.0053744600	0.0045682081	-2.0278083604	0.1271347497	0.1045201080	0.0329034386	0.3221611604	-0.0346287830	0.2176026942
0.2000000000	0.0028189918	0.0025459802	-0.0313771709	0.0028189918	0.0025459802	-0.0313771709	0.0028044736	0.0024676851	-2.0397430670	0.1245622491	0.1024167618	0.0209690674	0.3195895465	-0.0367308258	0.2056598253
0.3000000000	0.0007359357	0.0007503821	-0.0372761192	0.0007359357	0.0007503821	-0.0372761192	0.0007211727	0.0006718061	-2.0456418355	0.1224834310	0.1006247971	0.0150748033	0.3175098802	-0.0385258435	0.1997629655
0.4000000000	0.0001384374	0.0002190077	-0.0387992831	0.0001384374	0.0002190077	-0.0387992831	0.0001179701	0.0001353237	-2.0471793843	0.1218864891	0.1000940378	0.0135520508	0.3169127834	-0.0390571659	0.1982399540
0.5000000000	0.0000451810	0.0001354205	-0.0390343884	0.0000451810	0.0001354205	-0.0390343884	0.0000212138	0.0000485972	-2.0474233088	0.1217932470	0.1000104719	0.0133169567	0.3168195359	-0.0391407521	0.1980048517
0.6000000000	0.0000366212	0.0001277414	-0.0390559555	0.0000366212	0.0001277414	-0.0390559555	0.0000118029	0.0000401546	-2.0474470201	0.1217846872	0.1000027930	0.0132953897	0.3168109761	-0.0391484311	0.1979832846
0.7000000000	0.0000361652	0.0001273324	-0.0390571043	0.0000361652	0.0001273324	-0.0390571043	0.0000112480	0.0000396568	-2.0474484184	0.1217842313	0.1000023839	0.0132942409	0.3168105201	-0.0391488402	0.1979821358
0.8000000000	0.0000361514	0.0001273198	-0.0390571409	0.0000361514	0.0001273198	-0.0390571409	0.0000112283	0.0000396390	-2.0474484685	0.1217842173	0.1000023713	0.0132942053	0.3168105061	-0.0391488526	0.1979820998
0.9000000000	0.0000361496	0.0001273094	-0.0390572536	0.0000361496	0.0001273094	-0.0390572536	0.0000112274	0.0000396355	-2.0474485042	0.1217842050	0.1000023573	0.0132941577	0.3168104911	-0.0391488540	0.1979820233
1.0000000000	0.0000361155	0.0001271570	-0.0390593357	0.0000361155	0.0001271570	-0.0390593357	0.0000112169	0.0000395884	-2.0474491476	0.1217839560	0.1000020896	0.0132933252	0.3168102116	-0.0391488647	0.1979806052
1.1000000000	0.0000358401	0.0001261387	-0.0390768498	0.0000358401	0.0001261387	-0.0390768498	0.0000111318	0.0000392738	-2.0474545598	0.1217816918	0.0999997516	0.0132866739	0.3168078568	-0.0391488788	0.1979686580
1.2000000000	0.0000346743	0.0001222682	-0.0391621098	0.0000346743	0.0001222682	-0.0391621098	0.0000107715	0.0000380777	-2.0474809065	0.1217699789	0.0999879972	0.0132559035	0.3167964510	-0.0391486349	0.1979105609
1.3000000000	0.0000315511	0.0001124787	-0.0394439963	0.0000315511	0.0001124787	-0.0394439963	0.0000098064	0.0000350526	-2.0475680142	0.1217292816	0.0999480536	0.0131590150	0.3167590111	-0.0391469571	0.1977190408
1.4000000000	0.0000255823	0.0000941963	-0.0401490283	0.0000255823	0.0000941963	-0.0401490283	0.0000079619	0.0000294030	-2.0477858806	0.1216229841	0.0998457618	0.0129275715	0.3166658876	-0.0391409214	0.1972422585
1.5000000000	0.0000167708	0.0000671331	-0.0415862679	0.0000167708	0.0000671331	-0.0415862679	0.0000052390	0.0000210399	-2.0482300046	0.1213973063	0.0996327621	0.0124757769	0.3164761998	-0.0391254519	0.1962768403
1.6000000000	0.0000061557	0.0000337678	-0.0441033227	0.0000061557	0.0000337678	-0.0441033227	0.0000019584	0.0000107287	-2.0490077518	0.1209857885	0.0992520334	0.0117167238	0.3161418507	-0.0390936796	0.1946016846
1.7000000000	-0.0000046952	-0.0000017245	-0.0480361488	-0.0000046952	-0.0000017245	-0.0480361488	-0.0000013959	-0.0000002422	-2.0502226666	0.1203156446	0.0986444805	0.0105781779	0.3156114625	-0.0390378331	0.1920161176
1.8000000000	-0.0000143789	-0.0000351490	-0.0536711841	-0.0000143789	-0.0000351490	-0.0536711841	-0.0000043915	-0.0000105805	-2.0519622073	0.1193137795	0.0977539888	0.0090130508	0.3148329182	-0.0389501629	0.1883684315
1.9000000000	-0.0000220851	-0.0000635494	-0.0612263709	-0.0000220851	-0.0000635494	-0.0612263709	-0.0000067794	-0.0000193786	-2.0542905418	0.1179117298	0.0965303844	0.0070036319	0.3137547679	-0.0388235380	0.1835694067
2.0000000000	-0.0000276408	-0.0000856321	-0.0708487375	-0.0000276408	-0.0000856321	-0.0708487375	-0.0000085069	-0.0000262419	-2.0572453121	0.1160495912	0.0949310042	0.0045609668	0.3123272659	-0.0386516534	0.1775924325
2.1000000000	-0.0000313133	-0.0001015117	-0.0826229267	-0.0000313133	-0.0001015117	-0.0826229267	-0.0000096563	-0.0000312078	-2.0608365403	0.1136790350	0.0929216949	0.0017213295	0.3105034730	-0.0384289930	0.1704648726
2.2000000000	-0.0000335595	-0.0001121567	-0.0965852940	-0.0000335595	-0.0001121567	-0.0965852940	-0.0000103670	-0.0000345718	-2.0650463704	0.1107653323	0.0904776119	-0.0014586479	0.3082403897	-0.0381507174	0.1622553857
2.3000000000	-0.0000348396	-0.0001188491	-0.1127396055	-0.0000348396	-0.0001188491	-0.1127396055	-0.0000107789	-0.0000367215	-2.0698291745	0.1072882651	0.0875837858	-0.0049072513	0.3054998643	-0.0378125786	0.1530606729
2.4000000000	-0.0000355228	-0.0001228134	-0.1310717478	-0.0000355228	-0.0001228134	-0.1310717478	-0.0000110043	-0.0000380256	-2.0751121319	0.1032419448	0.0842352912	-0.0085429077	0.3022490678	-0.0374108784	0.1429937059
2.5000000000	-0.0000358657	-0.0001250336	-0.1515619531	-0.0000358657	-0.0001250336	-0.1515619531	-0.0000111212	-0.0000387802	-2.0807965774	0.0986337357	0.0804369179	-0.0122791469	0.2984604954	-0.0369424494	0.1321743540
2.6000000000	-0.0000360280	-0.0001262125	-0.1741938693	-0.0000360280	-0.0001262125	-0.1741938693	-0.0000111791	-0.0000391983	-2.0867603170	0.0934825971	0.0762023821	-0.0160291660	0.2941116069	-0.0364046345	0.1207225881
2.7000000000	-0.0000361007	-0.0001268072	-0.1989604193	-0.0000361007	-0.0001268072	-0.1989604193	-0.0000112065	-0.0000394208	-2.0928608888	0.0878171744	0.0715532146	-0.0197098519	0.2891842905	-0.0357952564	0.1087540144
2.8000000000	-0.0000361315	-0.0001270929	-0.2258668245	-0.0000361315	-0.0001270929	-0.2258668245	-0.0000112189	-0.0000395346	-2.0989395402	0.0816739006	0.0665174964	-0.0232451161	0.2836643352	-0.0351125826	0.0963772958
2.9000000000	-0.0000361438	-0.0001272236	-0.2549314089	-0.0000361438	-0.0001272236	-0.2549314089	-0.0000112242	-0.0000395907	-2.1048255730	0.0750952765	0.0611285916	-0.0265684223	0.2775410372	-0.0343552966	0.0836929752
3.0000000000	-0.0000361486	-0.0001272808	-0.2861848745	-0.0000361486	-0.0001272808	-0.2861848745	-0.0000112265	-0.0000396174	-2.1103406835	0.0681283995	0.0554239733	-0.0296244572	0.2708069980	-0.0335224838	0.0707932462
3.1000000000	-0.0000361503	-0.0001273046	-0.3196686915	-0.0000361503	-0.0001273046	-0.3196686915	-0.0000112274	-0.0000396296	-2.1153029805	0.0608237408	0.0494441892	-0.0323699697	0.2634581102	-0.0326136351	0.0577622950
3.2000000000	-0.0000361509	-0.0001273141	-0.3554331180	-0.0000361509	-0.0001273141	-0.3554331180	-0.0000112277	-0.0000396349	-2.1195304650	0.0532341312	0.0432319690	-0.0347738742	0.2554936867	-0.0316286642	0.0446769265
3.3000000000	-0.0000361511	-0.0001273177	-0.3935352148	-0.0000361511	-0.0001273177	-0.3935352148	-0.0000112278	-0.0000396372	-2.1228438624	0.0454138983	0.0368314517	-0.0368167592	0.2469166709	-0.0305679341	0.0316072735
3.4000000000	-0.0000361513	-0.0001273190	-0.4340370703	-0.0000361513	-0.0001273190	-0.4340370703	-0.0000112278	-0.0000396381	-2.1250687993	0.0374181016	0.0302875016	-0.0384899605	0.2377338677	-0.0294322860	0.0186174630
3.5000000000	-0.0000361518	-0.0001273195	-0.4770043390	-0.0000361518	-0.0001273195	-0.4770043390	-0.0000112276	-0.0000396385	-2.1260373874	0.0293018253	0.0236450851	-0.0397943542	0.2279561455	-0.0282230638	0.0057661730
3.6000000000	-0.0000361530	-0.0001273196	-0.5225051103	-0.0000361530	-0.0001273196	-0.5225051103	-0.0000112270	-0.0000396387	-2.1255893177	0.0211195028	0.0169486861	-0.0407390009	0.2175985736	-0.0269421310	-0.0068929456
3.7000000000	-0.0000361562	-0.0001273196	-0.5706090781	-0.0000361562	-0.0001273196	-0.5706090781	-0.0000112253	-0.0000396387	-2.1235725890	0.0129242634	0.0102417502	-0.0413397468	0.2066804788	-0.0255918778	-0.0193109750
3.8000000000	-0.0000361642	-0.0001273196	-0.6213869589	-0.0000361642	-0.0001273196	-0.6213869589	-0.0000112211	-0.0000396387	-2.1198439834	0.0047673027	0.0035661572	-0.0416178563	0.1952254111	-0.0241752167	-0.0314435459
3.9000000000	-0.0000361826	-0.0001273197	-0.6749100993	-0.0000361826	-0.0001273197	-0.6749100993	-0.0000112114	-0.0000396386	-2.1142693928	-0.0033027127	-0.0030382753	-0.0415987240	0.1832610242	-0.0226955680	-0.0432507329
4.0000000000	-0.0000362227	-0.0001273207	-0.7312502215	-0.0000362227	-0.0001273207	-0.7312502215	-0.0000111905	-0.0000396378	-2.1067240683	-0.0112401942	-0.0095342443	-0.0413106959	0.1708188746	-0.0211568348	-0.0546970007
4.1000000000	-0.0000363047	-0.0001273240	-0.7904792625	-0.0000363047	-0.0001273240	-0.7904792625	-0.0000111477	-0.0000396356	-2.0970928480	-0.0190031157	-0.0158873622	-0.0407840121	0.1579341533	-0.0195633700	-0.0657511762
4.2000000000	-0.0000364642	-0.0001273331	-0.8526692745	-0.0000364642	-0.0001273331	-0.8526692745	-0.0000110645	-0.0000396300	-2.0852703917	-0.0265534234	-0.0220664930	-0.0400498765	0.1446453584	-0.0179199365	-0.0763864238
4.3000000000	-0.0000367603	-0.0001273547	-0.9178923631	-0.0000367603	-0.0001273547	-0.9178923631	-0.0000109105	-0.0000396170	-2.0711614348	-0.0338573584	-0.0280440184	-0.0391396505	0.1309939223	-0.0162316611	-0.0865802107
4.4000000000	-0.0000372874	-0.0001274021	-0.9862206471	-0.0000372874	-0.0001274021	-0.9862206471	-0.0000106371	-0.0000395894	-2.0546810628	-0.0408856856	-0.0337960266	-0.0380841682	0.1170238039	-0.0145039845	-0.0963142491
4.5000000000	-0.0000381897	-0.0001274985	-1.0577262298	-0.0000381897	-0.0001274985	-1.0577262298	-0.0000101707	-0.0000395347	-2.0357549954	-0.0476138275	-0.0393024223	-0.0369131653	0.1027810558	-0.0127426086	-0.1055744115
4.6000000000	-0.0000396812	-0.0001276831	-1.1324811740	-0.0000396812	-0.0001276831	-1.1324811740	-0.0000094030	-0.0000394321	-2.0143198690	-0.0540219021	-0.0445469594	-0.0356548162	0.0883133767	-0.0109534421	-0.1143506153
4.7000000000	-0.0000420688	-0.0001280192	-1.2105574777	-0.0000420688	-0.0001280192	-1.2105574777	-0.0000081802	-0.0000392487	-1.9903235020	-0.0600946711	-0.0495171996	-0.0343353722	0.0736696570	-0.0091425443	-0.1226366783
4.8000000000	-0.0000457798	-0.0001286043	-1.2920270469	-0.0000457798	-0.0001286043	-1.2920270469	-0.0000062902	-0.0000389350	-1.9637251287	-0.0658214054	-0.0542044028	-0.0329788920	0.0588995272	-0.0073160705	-0.1304301447
4.9000000000	-0.0000513944	-0.0001295839	-1.3769616640	-0.0000513944	-0.0001295839	-1.3769616640	-0.0000034492	-0.0000384183	-1.9344955884	-0.0711956769	-0.0586033577	-0.0316070592	0.0440529134	-0.0054802176	-0.1377320876
