#real_cutoff=2
#reciprocal_cutoff=8
#r0 - r0 : [0.0, 0.0, 0.0, 0.0]
#r0 - r1 : [0.0, 0.0, 0.0, 0.0]
#r0 - r2 : [0.9999999999999999, 0.0, 0.0, 0.9999999999999999]
#r0 - r3 : [1.9553522243833719, 1.33555, 1.0930010000000001, -0.9192700000000001]
#r0 - r4 : [1.4258563194855927, 1.33555, -0.16516899999999968, -0.4712660000000001]
alpha	0x	0y	0z	1x	1y	1z	2x	2y	2z	3x	3y	3z	4x	4y	4z
0.1000000000	0.0057408905	0.0049121437	-0.0147023435	0.0057408905	0.0049121437	-0.0147023435	0.0057477228	0.0048549323	-2.0230632268	0.1274657709	0.1047714206	0.0375296155	0.3224886866	-0.0343734749	0.2222825637
0.2000000000	0.0055190233	0.0047387927	-0.0182928882	0.0055190233	0.0047387927	-0.0182928882	0.0055264944	0.0046820805	-2.0266444066	0.1272387893	0.1045936626	0.0339537024	0.3222643222	-0.0345461688	0.2186987545
0.3000000000	0.0046887067	0.0040783546	-0.0240594516	0.0046887067	0.0040783546	-0.0240594516	0.0047007026	0.0040252426	-2.0323807802	0.1264016445	0.1039262403	0.0282249962	0.3214318692	-0.0352041554	0.2129499709
0.4000000000	0.0033415691	0.0029779808	-0.0296779127	0.0033415691	0.0029779808	-0.0296779127	0.0033630395	0.0029326080	-2.0379599531	0.1250601341	0.1028282749	0.0226435623	0.3200915966	-0.0363012436	0.2073489875
0.5000000000	0.0020049894	0.0018521879	-0.0338647223	0.0020049894	0.0018521879	-0.0338647223	0.0020340284	0.0018131380	-2.0421218753	0.1237372449	0.1017129134	0.0184775346	0.3187666999	-0.0374247224	0.2031717057
0.6000000000	0.0010397333	0.0010165345	-0.0364979076	0.0010397333	0.0010165345	-0.0364979076	0.0010673927	0.0009761454	-2.0447573909	0.1227817783	0.1008860315	0.0158528692	0.3178091885	-0.0382593011	0.2005421632
0.7000000000	0.0004809416	0.0005235016	-0.0379400856	0.0004809416	0.0005235016	-0.0379400856	0.0004981524	0.0004737446	-2.0462258129	0.1222268245	0.1003969637	0.0144133570	0.3172532766	-0.0387520024	0.1991009891
0.8000000000	0.0002085694	0.0002808595	-0.0386295521	0.0002085694	0.0002808595	-0.0386295521	0.0002114629	0.0002182420	-2.0469514578	0.1219555339	0.1001554624	0.0137242488	0.3169817206	-0.0389946478	0.1984115168
0.9000000000	0.0000945386	0.0001790854	-0.0389152052	0.0000945386	0.0001790854	-0.0389152052	0.0000848056	0.0001051002	-2.0472689690	0.1218419554	0.1000539459	0.0134380924	0.3168681190	-0.0390965823	0.1981254247
1.0000000000	0.0000533174	0.0001423139	-0.0390187096	0.0000533174	0.0001423139	-0.0390187096	0.0000353063	0.0000609463	-2.0473918910	0.1218008558	0.1000171581	0.0133350257	0.3168270289	-0.0391334269	0.1980219872
1.1000000000	0.0000402290	0.0001299797	-0.0390668868	0.0000402290	0.0001299797	-0.0390668868	0.0000181262	0.0000454559	-2.0474385139	0.1217859760	0.1000035615	0.0132971020	0.3168120988	-0.0391449159	0.1979789419
1.2000000000	0.0000356406	0.0001231087	-0.0391600157	0.0000356406	0.0001231087	-0.0391600157	0.0000125645	0.0000396590	-2.0474769649	0.1217709196	0.0999888311	0.0132581550	0.3167973745	-0.0391477531	0.1979127608
1.3000000000	0.0000317344	0.0001126372	-0.0394436184	0.0000317344	0.0001126372	-0.0394436184	0.0000102108	0.0000354087	-2.0475671662	0.1217294608	0.0999482118	0.0131594357	0.3167591845	-0.0391467874	0.1977194464
1.4000000000	0.0000256122	0.0000942221	-0.0401489696	0.0000256122	0.0000942221	-0.0401489696	0.0000080420	0.0000294734	-2.0477857207	0.1216230137	0.0998457878	0.0129276398	0.3166659157	-0.0391408932	0.1972423231
1.5000000000	0.0000167750	0.0000671367	-0.0415862601	0.0000167750	0.0000671367	-0.0415862601	0.0000052529	0.0000210521	-2.0482299781	0.1213973106	0.0996327658	0.0124757866	0.3164762037	-0.0391254479	0.1962768492
1.6000000000	0.0000061562	0.0000337682	-0.0441033218	0.0000061562	0.0000337682	-0.0441033218	0.0000019605	0.0000107305	-2.0490077480	0.1209857891	0.0992520339	0.0117167250	0.3161418512	-0.0390936791	0.1946016856
1.7000000000	-0.0000046951	-0.0000017245	-0.0480361487	-0.0000046951	-0.0000017245	-0.0480361487	-0.0000013956	-0.0000002420	-2.0502226661	0.1203156446	0.0986444805	0.0105781780	0.3156114625	-0.0390378330	0.1920161178
1.8000000000	-0.0000143789	-0.0000351490	-0.0536711841	-0.0000143789	-0.0000351490	-0.0536711841	-0.0000043914	-0.0000105805	-2.0519622073	0.1193137795	0.0977539888	0.0090130508	0.3148329182	-0.0389501629	0.1883684315
1.9000000000	-0.0000220851	-0.0000635494	-0.0612263709	-0.0000220851	-0.0000635494	-0.0612263709	-0.0000067793	-0.0000193786	-2.0542905418	0.1179117298	0.0965303844	0.0070036319	0.3137547679	-0.0388235380	0.1835694067
2.0000000000	-0.0000276408	-0.0000856321	-0.0708487375	-0.0000276408	-0.0000856321	-0.0708487375	-0.0000085069	-0.0000262419	-2.0572453121	0.1160495912	0.0949310042	0.0045609668	0.3123272659	-0.0386516534	0.1775924325
2.1000000000	-0.0000313133	-0.0001015117	-0.0826229267	-0.0000313133	-0.0001015117	-0.0826229267	-0.0000096563	-0.0000312078	-2.0608365403	0.1136790350	0.0929216949	0.0017213295	0.3105034730	-0.0384289930	0.1704648726
2.2000000000	-0.0000335595	-0.0001121567	-0.0965852940	-0.0000335595	-0.0001121567	-0.0965852940	-0.0000103670	-0.0000345718	-2.0650463704	0.1107653323	0.0904776119	-0.0014586479	0.3082403897	-0.0381507174	0.1622553857
2.3000000000	-0.0000348396	-0.0001188491	-0.1127396055	-0.0000348396	-0.0001188491	-0.1127396055	-0.0000107789	-0.0000367215	-2.0698291745	0.1072882651	0.0875837858	-0.0049072513	0.3054998643	-0.0378125786	0.1530606729
2.4000000000	-0.0000355228	-0.0001228134	-0.1310717478	-0.0000355228	-0.0001228134	-0.1310717478	-0.0000110043	-0.0000380256	-2.0751121319	0.1032419448	0.0842352912	-0.0085429077	0.3022490678	-0.0374108784	0.1429937059
2.5000000000	-0.0000358657	-0.0001250336	-0.1515619531	-0.0000358657	-0.0001250336	-0.1515619531	-0.0000111212	-0.0000387802	-2.0807965774	0.0986337357	0.0804369179	-0.0122791469	0.2984604954	-0.0369424494	0.1321743540
2.6000000000	-0.0000360280	-0.0001262125	-0.1741938693	-0.0000360280	-0.0001262125	-0.1741938693	-0.0000111791	-0.0000391983	-2.0867603170	0.0934825971	0.0762023821	-0.0160291660	0.2941116069	-0.0364046345	0.1207225881
2.7000000000	-0.0000361007	-0.0001268072	-0.1989604193	-0.0000361007	-0.0001268072	-0.1989604193	-0.0000112065	-0.0000394208	-2.0928608888	0.0878171744	0.0715532146	-0.0197098519	0.2891842905	-0.0357952564	0.1087540144
2.8000000000	-0.0000361315	-0.0001270929	-0.2258668245	-0.0000361315	-0.0001270929	-0.2258668245	-0.0000112189	-0.0000395346	-2.0989395402	0.0816739006	0.0665174964	-0.0232451161	0.2836643352	-0.0351125826	0.0963772958
2.9000000000	-0.0000361438	-0.0001272236	-0.2549314089	-0.0000361438	-0.0001272236	-0.2549314089	-0.0000112242	-0.0000395907	-2.1048255730	0.0750952765	0.0611285916	-0.0265684223	0.2775410372	-0.0343552966	0.0836929752
3.0000000000	-0.0000361486	-0.0001272808	-0.2861848745	-0.0000361486	-0.0001272808	-0.2861848745	-0.0000112265	-0.0000396174	-2.1103406835	0.0681283995	0.0554239733	-0.0296244572	0.2708069980	-0.0335224838	0.0707932462
3.1000000000	-0.0000361503	-0.0001273046	-0.3196686915	-0.0000361503	-0.0001273046	-0.3196686915	-0.0000112274	-0.0000396296	-2.1153029805	0.0608237408	0.0494441892	-0.0323699697	0.2634581102	-0.0326136351	0.0577622950
3.2000000000	-0.0000361509	-0.0001273141	-0.3554331180	-0.0000361509	-0.0001273141	-0.3554331180	-0.0000112277	-0.0000396349	-2.1195304650	0.0532341312	0.0432319690	-0.0347738742	0.2554936867	-0.0316286642	0.0446769265
3.3000000000	-0.0000361511	-0.0001273177	-0.3935352148	-0.0000361511	-0.0001273177	-0.3935352148	-0.0000112278	-0.0000396372	-2.1228438624	0.0454138983	0.0368314517	-0.0368167592	0.2469166708	-0.0305679341	0.0316072735
3.4000000000	-0.0000361512	-0.0001273191	-0.4340370703	-0.0000361512	-0.0001273191	-0.4340370703	-0.0000112279	-0.0000396381	-2.1250687993	0.0374181015	0.0302875016	-0.0384899605	0.2377338676	-0.0294322860	0.0186174631
3.5000000000	-0.0000361512	-0.0001273195	-0.4770043393	-0.0000361512	-0.0001273195	-0.4770043393	-0.0000112279	-0.0000396385	-2.1260373872	0.0293018251	0.0236450851	-0.0397943541	0.2279561450	-0.0282230637	0.0057661732
3.6000000000	-0.0000361512	-0.0001273197	-0.5225051111	-0.0000361512	-0.0001273197	-0.5225051111	-0.0000112279	-0.0000396387	-2.1255893172	0.0211195021	0.0169486860	-0.0407390006	0.2175985722	-0.0269421308	-0.0068929450
3.7000000000	-0.0000361512	-0.0001273197	-0.5706090806	-0.0000361512	-0.0001273197	-0.5706090806	-0.0000112279	-0.0000396387	-2.1235725874	0.0129242615	0.0102417501	-0.0413397459	0.2066804747	-0.0255918771	-0.0193109733
3.8000000000	-0.0000361512	-0.0001273197	-0.6213869653	-0.0000361512	-0.0001273197	-0.6213869653	-0.0000112279	-0.0000396387	-2.1198439792	0.0047672980	0.0035661569	-0.0416178539	0.1952254006	-0.0241752150	-0.0314435414
3.9000000000	-0.0000361512	-0.0001273198	-0.6749101152	-0.0000361512	-0.0001273198	-0.6749101152	-0.0000112279	-0.0000396387	-2.1142693825	-0.0033027237	-0.0030382761	-0.0415987183	0.1832609986	-0.0226955637	-0.0432507219
4.0000000000	-0.0000361512	-0.0001273198	-0.7312502587	-0.0000361512	-0.0001273198	-0.7312502587	-0.0000112279	-0.0000396387	-2.1067240444	-0.0112402182	-0.0095342464	-0.0413106833	0.1708188166	-0.0211568247	-0.0546969754
4.1000000000	-0.0000361512	-0.0001273198	-0.7904793442	-0.0000361512	-0.0001273198	-0.7904793442	-0.0000112279	-0.0000396387	-2.0970927959	-0.0190031650	-0.0158873670	-0.0407839859	0.1579340287	-0.0195633482	-0.0657511213
4.2000000000	-0.0000361512	-0.0001273197	-0.8526694450	-0.0000361512	-0.0001273197	-0.8526694450	-0.0000112279	-0.0000396387	-2.0852702841	-0.0265535195	-0.0220665035	-0.0400498244	0.1446451040	-0.0179198917	-0.0763863108
4.3000000000	-0.0000361513	-0.0001273197	-0.9178927028	-0.0000361513	-0.0001273197	-0.9178927028	-0.0000112278	-0.0000396387	-2.0711612229	-0.0338575370	-0.0280440399	-0.0391395521	0.1309934270	-0.0162315731	-0.0865799884
4.4000000000	-0.0000361516	-0.0001273197	-0.9862212958	-0.0000361516	-0.0001273197	-0.9862212958	-0.0000112277	-0.0000396387	-2.0546806632	-0.0408860036	-0.0337960679	-0.0380839904	0.1170228797	-0.0145038195	-0.0963138300
4.5000000000	-0.0000361522	-0.0001273197	-1.0577274214	-0.0000361522	-0.0001273197	-1.0577274214	-0.0000112273	-0.0000396388	-2.0357542716	-0.0476143714	-0.0393024980	-0.0369128566	0.1027793969	-0.0127423117	-0.1055736509
4.6000000000	-0.0000361535	-0.0001273197	-1.1324832864	-0.0000361535	-0.0001273197	-1.1324832864	-0.0000112266	-0.0000396388	-2.0143186056	-0.0540227987	-0.0445470919	-0.0356542999	0.0883105028	-0.0109529270	-0.1143492830
4.7000000000	-0.0000361565	-0.0001273196	-1.2105611026	-0.0000361565	-0.0001273196	-1.2105611026	-0.0000112250	-0.0000396388	-1.9903213702	-0.0600961002	-0.0495174219	-0.0343345376	0.0736648380	-0.0091416809	-0.1226344180
4.8000000000	-0.0000361628	-0.0001273195	-1.2920330831	-0.0000361628	-0.0001273195	-1.2920330831	-0.0000112216	-0.0000396389	-1.9637216421	-0.0658236133	-0.0542047621	-0.0329775850	0.0588916841	-0.0073146681	-0.1304264217
4.9000000000	-0.0000361753	-0.0001273194	-1.3769714420	-0.0000361753	-0.0001273194	-1.3769714420	-0.0000112152	-0.0000396389	-1.9344900486	-0.0711989917	-0.0586039182	-0.0316050712	0.0440404950	-0.0054780047	-0.1377261201
