#real_cutoff=2
#reciprocal_cutoff=5
#r0 - r0 : [0.0, 0.0, 0.0, 0.0]
#r0 - r1 : [0.0, 0.0, 0.0, 0.0]
#r0 - r2 : [1.0, 0.0, 0.0, 1.0]
#r0 - r3 : [1.9553522243833719, 1.33555, 1.0930010000000001, -0.91927]
#r0 - r4 : [1.4258563194855927, 1.33555, -0.1651689999999999, -0.471266]
alpha	0x	0y	0z	1x	1y	1z	2x	2y	2z	3x	3y	3z	4x	4y	4z
0.1000000000	0.0265781969	0.0227414061	-0.0680664050	0.0265781969	0.0227414061	-0.0680664050	0.0267327537	0.0222473147	-2.2005614380	0.1046531800	0.0872065140	0.0747549146	0.3214432237	-0.0148275108	0.2234179797
0.2000000000	0.0255510339	0.0219388552	-0.0846892974	0.0255510339	0.0219388552	-0.0846892974	0.0257137937	0.0214511740	-2.2170640643	0.1035606334	0.0863476251	0.0583195220	0.3203840424	-0.0156216312	0.2068815634
0.3000000000	0.0217069756	0.0188812713	-0.1113863499	0.0217069756	0.0188812713	-0.1113863499	0.0219277745	0.0184397710	-2.2433738433	0.0996294993	0.0832010589	0.0321069210	0.3165124602	-0.0186477392	0.1804127268
0.4000000000	0.0154702273	0.0137869481	-0.1373977441	0.0154702273	0.0137869481	-0.1373977441	0.0158125879	0.0134447455	-2.2688812395	0.0934632233	0.0781366449	0.0065706344	0.3103624574	-0.0236996562	0.1546264349
0.5000000000	0.0092823584	0.0085749439	-0.1567811215	0.0092823584	0.0085749439	-0.1567811215	0.0097225652	0.0083145027	-2.2879433359	0.0874482066	0.0730561671	-0.0125437688	0.3043229026	-0.0288814562	0.1353669771
0.6000000000	0.0048135800	0.0047061782	-0.1689717945	0.0048135800	0.0047061782	-0.1689717945	0.0052384552	0.0044306424	-2.3001578160	0.0831045576	0.0692990560	-0.0246224159	0.2999535667	-0.0327359362	0.1232245813
0.7000000000	0.0022265815	0.0024236185	-0.1756485445	0.0022265815	0.0024236185	-0.1756485445	0.0025209599	0.0020310610	-2.3071622620	0.0805678003	0.0670679574	-0.0312629998	0.2974043895	-0.0350138999	0.1165617159
0.8000000000	0.0009655993	0.0013002753	-0.1788405191	0.0009655993	0.0013002753	-0.1788405191	0.0010791043	0.0007452156	-2.3108114003	0.0793210635	0.0659598954	-0.0344487792	0.2961540229	-0.0361369492	0.1133706191
0.9000000000	0.0004376789	0.0008290989	-0.1801629872	0.0004376789	0.0008290989	-0.1801629872	0.0003896004	0.0001284551	-2.3125422635	0.0787984098	0.0654922339	-0.0357758465	0.2956308680	-0.0366096782	0.1120439056
1.0000000000	0.0002468398	0.0006588608	-0.1806421740	0.0002468398	0.0006588608	-0.1806421740	0.0000906894	-0.0001385752	-2.3132800420	0.0786097934	0.0653228590	-0.0362524919	0.2954414060	-0.0367806438	0.1115654121
1.1000000000	0.0001862452	0.0006017579	-0.1808652169	0.0001862452	0.0006017579	-0.1808652169	-0.0000254471	-0.0002405629	-2.3135240148	0.0785402746	0.0652619157	-0.0363924790	0.2953623152	-0.0368292538	0.1113939416
1.2000000000	0.0001650030	0.0005699475	-0.1812963689	0.0001650030	0.0005699475	-0.1812963689	-0.0000633938	-0.0002679251	-2.3134228610	0.0784651708	0.0652010061	-0.0363928218	0.2952393559	-0.0368205601	0.1112334817
1.3000000000	0.0001469184	0.0005214686	-0.1826093443	0.0001469184	0.0005214686	-0.1826093443	-0.0000686600	-0.0002564438	-2.3127988369	0.0782615544	0.0650350666	-0.0362719495	0.2948783117	-0.0367544448	0.1108264815
1.4000000000	0.0001185751	0.0004362133	-0.1858748594	0.0001185751	0.0004362133	-0.1858748594	-0.0000582180	-0.0002171478	-2.3111741842	0.0777567502	0.0646151419	-0.0359475240	0.2939843533	-0.0365974078	0.1098455345
1.5000000000	0.0000776621	0.0003108182	-0.1925289818	0.0000776621	0.0003108182	-0.1925289818	-0.0000386198	-0.0001552183	-2.3078489035	0.0767241455	0.0637438358	-0.0352841928	0.2921704980	-0.0363033784	0.1078931430
1.6000000000	0.0000285011	0.0001563344	-0.2041820452	0.0000285011	0.0001563344	-0.2041820452	-0.0000142135	-0.0000781325	-2.3020227162	0.0749138373	0.0622036682	-0.0341360176	0.2890156258	-0.0358273103	0.1045693833
1.7000000000	-0.0000217367	-0.0000079836	-0.2223895771	-0.0000217367	-0.0000079836	-0.2223895771	0.0000108743	0.0000039986	-2.2929190090	0.0720968793	0.0597983017	-0.0323864994	0.2841344824	-0.0351324925	0.0995538049
1.8000000000	-0.0000665691	-0.0001627267	-0.2484777041	-0.0000665691	-0.0001627267	-0.2484777041	0.0000332855	0.0000813657	-2.2798749544	0.0681051923	0.0563887577	-0.0299778229	0.2772304508	-0.0341930611	0.0926640221
1.9000000000	-0.0001022457	-0.0002942104	-0.2834554207	-0.0001022457	-0.0002942104	-0.2834554207	0.0000511231	0.0001471070	-2.2623860973	0.0628572089	0.0519149599	-0.0269224474	0.2681204608	-0.0329939167	0.0838779082
2.0000000000	-0.0001279665	-0.0003964450	-0.3280034145	-0.0001279665	-0.0003964450	-0.3280034145	0.0000639834	0.0001982242	-2.2401121013	0.0563667056	0.0464008738	-0.0232969254	0.2567356633	-0.0315297713	0.0733239325
2.1000000000	-0.0001449688	-0.0004699615	-0.3825135493	-0.0001449688	-0.0004699615	-0.3825135493	0.0000724846	0.0002349824	-2.2128570398	0.0487370695	0.0399464138	-0.0192234748	0.2431071502	-0.0298040806	0.0612513489
2.2000000000	-0.0001553682	-0.0005192438	-0.4471541387	-0.0001553682	-0.0005192438	-0.4471541387	0.0000776843	0.0002596236	-2.1805367822	0.0401453856	0.0327110792	-0.0148469277	0.2273455240	-0.0278279689	0.0479917800
2.3000000000	-0.0001612944	-0.0005502275	-0.5219426182	-0.0001612944	-0.0005502275	-0.5219426182	0.0000806474	0.0002751154	-2.1431427255	0.0308209688	0.0248940096	-0.0103135952	0.2096202350	-0.0256190667	0.0339205353
2.4000000000	-0.0001644573	-0.0005685804	-0.6068136473	-0.0001644573	-0.0005685804	-0.6068136473	0.0000822288	0.0002842917	-2.1007079522	0.0210222313	0.0167139504	-0.0057559017	0.1901416893	-0.0232002448	0.0194225413
2.5000000000	-0.0001660448	-0.0005788591	-0.7016757090	-0.0001660448	-0.0005788591	-0.7016757090	0.0000830225	0.0002894308	-2.0532794569	0.0110147426	0.0083913221	-0.0012838532	0.1691470733	-0.0205983191	0.0048651529
2.6000000000	-0.0001667963	-0.0005843169	-0.8064530987	-0.0001667963	-0.0005843169	-0.8064530987	0.0000833982	0.0002921593	-2.0008982790	0.0010523683	0.0001335502	0.0030175841	0.1468896666	-0.0178428263	-0.0094215491
2.7000000000	-0.0001671327	-0.0005870706	-0.9211130521	-0.0001671327	-0.0005870706	-0.9211130521	0.0000835663	0.0002935357	-1.9435880259	-0.0086374287	-0.0078758781	0.0070870560	0.1236309022	-0.0149649430	-0.0231573405
2.8000000000	-0.0001672754	-0.0005883930	-1.0456797429	-0.0001672754	-0.0005883930	-1.0456797429	0.0000836376	0.0002941965	-1.8813512783	-0.0178636966	-0.0154846090	0.0108832947	0.0996343260	-0.0119965730	-0.0361182027
2.9000000000	-0.0001673331	-0.0005889983	-1.1802380037	-0.0001673331	-0.0005889983	-1.1802380037	0.0000836664	0.0002944987	-1.8141727020	-0.0264775932	-0.0225751293	0.0143810227	0.0751607282	-0.0089695853	-0.0481375888
3.0000000000	-0.0001673565	-0.0005892626	-1.3249299736	-0.0001673565	-0.0005892626	-1.3249299736	0.0000836780	0.0002946305	-1.7420273015	-0.0343739492	-0.0290654454	0.0175672315	0.0504639353	-0.0059151714	-0.0591038409
3.1000000000	-0.0001673697	-0.0005893728	-1.4799476422	-0.0001673697	-0.0005893728	-1.4799476422	0.0000836841	0.0002946852	-1.6648920932	-0.0414895217	-0.0349073175	0.0204382411	0.0257869751	-0.0028632888	-0.0689549555
3.2000000000	-0.0001673888	-0.0005894166	-1.6455236830	-0.0001673888	-0.0005894166	-1.6455236830	0.0000836921	0.0002947069	-1.5827595028	-0.0477988011	-0.0400826964	0.0229975707	0.0013585184	0.0001578277	-0.0776717669
3.3000000000	-0.0001674352	-0.0005894335	-1.8219222560	-0.0001674352	-0.0005894335	-1.8219222560	0.0000837102	0.0002947149	-1.4956509472	-0.0533082429	-0.0445990119	0.0252544491	-0.0226103755	0.0031220958	-0.0852704333
3.4000000000	-0.0001675515	-0.0005894418	-2.0094307856	-0.0001675515	-0.0005894418	-2.0094307856	0.0000837537	0.0002947181	-1.4036293090	-0.0580497282	-0.0484839052	0.0272227289	-0.0459291144	0.0060059526	-0.0917948979
3.5000000000	-0.0001678246	-0.0005894541	-2.2083531795	-0.0001678246	-0.0005894541	-2.2083531795	0.0000838514	0.0002947209	-1.3068093110	-0.0620739184	-0.0517799071	0.0289199978	-0.0684299193	0.0087886510	-0.0973097909
3.6000000000	-0.0001684219	-0.0005894884	-2.4190045687	-0.0001684219	-0.0005894884	-2.4190045687	0.0000840555	0.0002947280	-1.2053651198	-0.0654440085	-0.0545394422	0.0303667473	-0.0899695648	0.0114524779	-0.1018940555
3.7000000000	-0.0001696479	-0.0005895815	-2.6417074274	-0.0001696479	-0.0005895815	-2.6417074274	0.0000844546	0.0002947476	-1.0995348135	-0.0682302167	-0.0568204216	0.0315855344	-0.1104304569	0.0139828882	-0.1056354346
3.8000000000	-0.0001720241	-0.0005898086	-2.8767888215	-0.0001720241	-0.0005898086	-2.8767888215	0.0000851895	0.0002947948	-0.9896216339	-0.0705051988	-0.0586825706	0.0326001297	-0.1297210285	0.0163685541	-0.1086258546
3.9000000000	-0.0001763991	-0.0005903137	-3.1245785135	-0.0001763991	-0.0005903137	-3.1245785135	0.0000864722	0.0002948967	-0.8759921728	-0.0723404497	-0.0601845446	0.0334346843	-0.1477754761	0.0186013323	-0.1109576684
4.0000000000	-0.0001840907	-0.0005913558	-3.3854076734	-0.0001840907	-0.0005913558	-3.3854076734	0.0000886047	0.0002950981	-0.7590718230	-0.0738036656	-0.0613818125	0.0341129616	-0.1645528926	0.0206761571	-0.1127206892
4.1000000000	-0.0001970624	-0.0005933726	-3.6596079921	-0.0001970624	-0.0005933726	-3.6596079921	0.0000919982	0.0002954689	-0.6393379437	-0.0749569731	-0.0623252370	0.0346576755	-0.1800358768	0.0225908684	-0.1139999213
4.2000000000	-0.0002181330	-0.0005970676	-3.9475110436	-0.0002181330	-0.0005970676	-3.9475110436	0.0000971878	0.0002961109	-0.5173112593	-0.0758558989	-0.0630602508	0.0350899693	-0.1942287150	0.0243459870	-0.1148738976
4.3000000000	-0.0002512150	-0.0006035213	-4.2494477847	-0.0002512150	-0.0006035213	-4.2494477847	0.0001048426	0.0002971661	-0.3935460300	-0.0765489380	-0.0636265168	0.0354290467	-0.2071552379	0.0259444508	-0.1154135304
4.4000000000	-0.0003015788	-0.0006143272	-4.5657481223	-0.0003015788	-0.0006143272	-4.5657481223	0.0001157678	0.0002988218	-0.2686195176	-0.0770775767	-0.0640579561	0.0356919567	-0.2188564578	0.0273913229	-0.1156813945
4.5000000000	-0.0003761326	-0.0006317534	-4.8967404993	-0.0003761326	-0.0006317534	-4.8967404993	0.0001308984	0.0003013160	-0.1431212208	-0.0774766422	-0.0643830409	0.0358935137	-0.2293880810	0.0286934854	-0.1157313658
4.6000000000	-0.0004837118	-0.0006589265	-5.2427514749	-0.0004837118	-0.0006589265	-5.2427514749	0.0001512837	0.0003049383	-0.0176422987	-0.0777748641	-0.0646252587	0.0360463340	-0.2388179881	0.0298593289	-0.1156085496
4.7000000000	-0.0006353674	-0.0007000348	-5.6041052844	-0.0006353674	-0.0007000348	-5.6041052844	0.0001780623	0.0003100285	0.1072344783	-0.0779955552	-0.0648036726	0.0361609584	-0.2472237559	0.0308984469	-0.1153494381
4.8000000000	-0.0008446450	-0.0007605450	-5.9811233733	-0.0008446450	-0.0007605450	-5.9811233733	0.0002124297	0.0003169713	0.2309439806	-0.0781573400	-0.0649335195	0.0362460345	-0.2546902863	0.0318213441	-0.1149822468
4.9000000000	-0.0011278449	-0.0008474284	-6.3741239042	-0.0011278449	-0.0008474284	-6.3741239042	0.0002555998	0.0003261880	0.3529469804	-0.0782748759	-0.0650268018	0.0363085346	-0.2613075906	0.0326391637	-0.1145273821
