#real_cutoff=5
#reciprocal_cutoff=5
#r0 - r0 : [0.0, 0.0, 0.0, 0.0]
#r0 - r1 : [0.0, 0.0, 0.0, 0.0]
#r0 - r2 : [1.0, 0.0, 0.0, 1.0]
#r0 - r3 : [1.9553522243833719, 1.33555, 1.0930010000000001, -0.91927]
#r0 - r4 : [1.4258563194855927, 1.33555, -0.1651689999999999, -0.471266]
alpha	0x	0y	0z	1x	1y	1z	2x	2y	2z	3x	3y	3z	4x	4y	4z
0.1000000000	0.0249651704	0.0215248383	-0.0899384914	0.0249651704	0.0215248383	-0.0899384914	0.0248029002	0.0207245430	-2.2226976999	0.1032583451	0.0861349245	0.0541565931	0.3200933671	-0.0159444703	0.2021278514
0.2000000000	0.0130508882	0.0117869452	-0.1452646799	0.0130508882	0.0117869452	-0.1452646799	0.0129335925	0.0110234399	-2.2778214312	0.0913566202	0.0763974770	-0.0009628573	0.3082030513	-0.0256650941	0.1468992570
0.3000000000	0.0034071097	0.0034739913	-0.1725746261	0.0034071097	0.0034739913	-0.1725746261	0.0032868629	0.0027070474	-2.3051285581	0.0817672365	0.0681311322	-0.0282123747	0.2986028185	-0.0339705472	0.1196162869
0.4000000000	0.0006409138	0.0010139246	-0.1796263107	0.0006409138	0.0010139246	-0.1796263107	0.0004475730	0.0001815257	-2.3123645703	0.0790082573	0.0656790196	-0.0352586907	0.2958418335	-0.0364299324	0.1125665971
0.5000000000	0.0002091713	0.0006269467	-0.1807147610	0.0002091713	0.0006269467	-0.1807147610	-0.0000293163	-0.0002459466	-2.3135667808	0.0785767051	0.0652923239	-0.0363469916	0.2954102099	-0.0368168960	0.1114781874
0.6000000000	0.0001695424	0.0005913955	-0.1808146088	0.0001695424	0.0005913955	-0.1808146088	-0.0000800875	-0.0002914940	-2.3136947022	0.0785370775	0.0652567752	-0.0364468382	0.2953705816	-0.0368524471	0.1113783398
0.7000000000	0.0001674316	0.0005895017	-0.1808199272	0.0001674316	0.0005895017	-0.1808199272	-0.0000835326	-0.0002945848	-2.3137033826	0.0785349665	0.0652548815	-0.0364521566	0.2953684707	-0.0368543409	0.1113730214
0.8000000000	0.0001673676	0.0005894433	-0.1808200969	0.0001673676	0.0005894433	-0.1808200969	-0.0000836792	-0.0002947160	-2.3137037481	0.0785349013	0.0652548234	-0.0364523169	0.2953684044	-0.0368543975	0.1113728578
0.9000000000	0.0001673592	0.0005893952	-0.1808206183	0.0001673592	0.0005893952	-0.1808206183	-0.0000836793	-0.0002946959	-2.3137034984	0.0785348230	0.0652547735	-0.0364522639	0.2953682633	-0.0368543550	0.1113727000
1.0000000000	0.0001672014	0.0005886896	-0.1808302576	0.0001672014	0.0005886896	-0.1808302576	-0.0000836005	-0.0002943431	-2.3136986789	0.0785333784	0.0652537596	-0.0364512827	0.2953656399	-0.0368536369	0.1113697336
1.1000000000	0.0001659263	0.0005839754	-0.1809113417	0.0001659263	0.0005839754	-0.1809113417	-0.0000829630	-0.0002919860	-2.3136581369	0.0785211282	0.0652445587	-0.0364432080	0.2953434733	-0.0368482612	0.1113445915
1.2000000000	0.0001605292	0.0005660565	-0.1813060640	0.0001605292	0.0005660565	-0.1813060640	-0.0000802644	-0.0002830266	-2.3134607758	0.0784610166	0.0651972388	-0.0364040523	0.2952353134	-0.0368248662	0.1112227246
1.3000000000	0.0001460701	0.0005207349	-0.1826110939	0.0001460701	0.0005207349	-0.1826110939	-0.0000730349	-0.0002603658	-2.3128082608	0.0782607715	0.0650343583	-0.0362741067	0.2948775619	-0.0367552905	0.1108244544
1.4000000000	0.0001184368	0.0004360942	-0.1858751311	0.0001184368	0.0004360942	-0.1858751311	-0.0000592182	-0.0002180454	-2.3111762422	0.0777566216	0.0646150263	-0.0359478838	0.2939842328	-0.0365975514	0.1098452040
1.5000000000	0.0000776427	0.0003108015	-0.1925290182	0.0000776427	0.0003108015	-0.1925290182	-0.0000388211	-0.0001553991	-2.3078492987	0.0767241271	0.0637438193	-0.0352842450	0.2921704812	-0.0363033995	0.1078930964
1.6000000000	0.0000284988	0.0001563324	-0.2041820494	0.0000284988	0.0001563324	-0.2041820494	-0.0000142492	-0.0000781645	-2.3020227831	0.0749138350	0.0622036662	-0.0341360242	0.2890156237	-0.0358273129	0.1045693776
1.7000000000	-0.0000217370	-0.0000079838	-0.2223895776	-0.0000217370	-0.0000079838	-0.2223895776	0.0000108687	0.0000039936	-2.2929190190	0.0720968790	0.0597983015	-0.0323865001	0.2841344822	-0.0351324928	0.0995538043
1.8000000000	-0.0000665692	-0.0001627267	-0.2484777041	-0.0000665692	-0.0001627267	-0.2484777041	0.0000332848	0.0000813650	-2.2798749557	0.0681051923	0.0563887577	-0.0299778229	0.2772304507	-0.0341930611	0.0926640221
1.9000000000	-0.0001022457	-0.0002942104	-0.2834554207	-0.0001022457	-0.0002942104	-0.2834554207	0.0000511230	0.0001471069	-2.2623860975	0.0628572089	0.0519149599	-0.0269224474	0.2681204608	-0.0329939167	0.0838779082
2.0000000000	-0.0001279665	-0.0003964450	-0.3280034145	-0.0001279665	-0.0003964450	-0.3280034145	0.0000639834	0.0001982242	-2.2401121013	0.0563667056	0.0464008738	-0.0232969254	0.2567356633	-0.0315297713	0.0733239325
2.1000000000	-0.0001449688	-0.0004699615	-0.3825135493	-0.0001449688	-0.0004699615	-0.3825135493	0.0000724846	0.0002349824	-2.2128570398	0.0487370695	0.0399464138	-0.0192234748	0.2431071502	-0.0298040806	0.0612513489
2.2000000000	-0.0001553682	-0.0005192438	-0.4471541387	-0.0001553682	-0.0005192438	-0.4471541387	0.0000776843	0.0002596236	-2.1805367822	0.0401453856	0.0327110792	-0.0148469277	0.2273455240	-0.0278279689	0.0479917800
2.3000000000	-0.0001612944	-0.0005502275	-0.5219426182	-0.0001612944	-0.0005502275	-0.5219426182	0.0000806474	0.0002751154	-2.1431427255	0.0308209688	0.0248940096	-0.0103135952	0.2096202350	-0.0256190667	0.0339205353
2.4000000000	-0.0001644573	-0.0005685804	-0.6068136473	-0.0001644573	-0.0005685804	-0.6068136473	0.0000822288	0.0002842917	-2.1007079522	0.0210222313	0.0167139504	-0.0057559017	0.1901416893	-0.0232002448	0.0194225413
2.5000000000	-0.0001660448	-0.0005788591	-0.7016757090	-0.0001660448	-0.0005788591	-0.7016757090	0.0000830225	0.0002894308	-2.0532794569	0.0110147426	0.0083913221	-0.0012838532	0.1691470733	-0.0205983191	0.0048651529
2.6000000000	-0.0001667963	-0.0005843169	-0.8064530987	-0.0001667963	-0.0005843169	-0.8064530987	0.0000833982	0.0002921593	-2.0008982790	0.0010523683	0.0001335502	0.0030175841	0.1468896666	-0.0178428263	-0.0094215491
2.7000000000	-0.0001671327	-0.0005870706	-0.9211130521	-0.0001671327	-0.0005870706	-0.9211130521	0.0000835663	0.0002935357	-1.9435880259	-0.0086374287	-0.0078758781	0.0070870560	0.1236309022	-0.0149649430	-0.0231573405
2.8000000000	-0.0001672754	-0.0005883930	-1.0456797429	-0.0001672754	-0.0005883930	-1.0456797429	0.0000836376	0.0002941965	-1.8813512783	-0.0178636966	-0.0154846090	0.0108832947	0.0996343260	-0.0119965730	-0.0361182027
2.9000000000	-0.0001673331	-0.0005889983	-1.1802380037	-0.0001673331	-0.0005889983	-1.1802380037	0.0000836664	0.0002944987	-1.8141727020	-0.0264775932	-0.0225751293	0.0143810227	0.0751607282	-0.0089695853	-0.0481375888
3.0000000000	-0.0001673565	-0.0005892626	-1.3249299736	-0.0001673565	-0.0005892626	-1.3249299736	0.0000836780	0.0002946305	-1.7420273015	-0.0343739492	-0.0290654454	0.0175672315	0.0504639353	-0.0059151714	-0.0591038409
3.1000000000	-0.0001673697	-0.0005893728	-1.4799476422	-0.0001673697	-0.0005893728	-1.4799476422	0.0000836841	0.0002946852	-1.6648920932	-0.0414895217	-0.0349073175	0.0204382411	0.0257869751	-0.0028632888	-0.0689549555
3.2000000000	-0.0001673888	-0.0005894166	-1.6455236830	-0.0001673888	-0.0005894166	-1.6455236830	0.0000836921	0.0002947069	-1.5827595028	-0.0477988011	-0.0400826964	0.0229975707	0.0013585184	0.0001578277	-0.0776717669
3.3000000000	-0.0001674352	-0.0005894335	-1.8219222560	-0.0001674352	-0.0005894335	-1.8219222560	0.0000837102	0.0002947149	-1.4956509472	-0.0533082429	-0.0445990119	0.0252544491	-0.0226103755	0.0031220958	-0.0852704333
3.4000000000	-0.0001675515	-0.0005894418	-2.0094307856	-0.0001675515	-0.0005894418	-2.0094307856	0.0000837537	0.0002947181	-1.4036293090	-0.0580497282	-0.0484839052	0.0272227289	-0.0459291144	0.0060059526	-0.0917948979
3.5000000000	-0.0001678246	-0.0005894541	-2.2083531795	-0.0001678246	-0.0005894541	-2.2083531795	0.0000838514	0.0002947209	-1.3068093110	-0.0620739184	-0.0517799071	0.0289199978	-0.0684299193	0.0087886510	-0.0973097909
3.6000000000	-0.0001684219	-0.0005894884	-2.4190045687	-0.0001684219	-0.0005894884	-2.4190045687	0.0000840555	0.0002947280	-1.2053651198	-0.0654440085	-0.0545394422	0.0303667473	-0.0899695648	0.0114524779	-0.1018940555
3.7000000000	-0.0001696479	-0.0005895815	-2.6417074274	-0.0001696479	-0.0005895815	-2.6417074274	0.0000844546	0.0002947476	-1.0995348135	-0.0682302167	-0.0568204216	0.0315855344	-0.1104304569	0.0139828882	-0.1056354346
3.8000000000	-0.0001720241	-0.0005898086	-2.8767888215	-0.0001720241	-0.0005898086	-2.8767888215	0.0000851895	0.0002947948	-0.9896216339	-0.0705051988	-0.0586825706	0.0326001297	-0.1297210285	0.0163685541	-0.1086258546
3.9000000000	-0.0001763991	-0.0005903137	-3.1245785135	-0.0001763991	-0.0005903137	-3.1245785135	0.0000864722	0.0002948967	-0.8759921728	-0.0723404497	-0.0601845446	0.0334346843	-0.1477754761	0.0186013323	-0.1109576684
4.0000000000	-0.0001840907	-0.0005913558	-3.3854076734	-0.0001840907	-0.0005913558	-3.3854076734	0.0000886047	0.0002950981	-0.7590718230	-0.0738036656	-0.0613818125	0.0341129616	-0.1645528926	0.0206761571	-0.1127206892
4.1000000000	-0.0001970624	-0.0005933726	-3.6596079921	-0.0001970624	-0.0005933726	-3.6596079921	0.0000919982	0.0002954689	-0.6393379437	-0.0749569731	-0.0623252370	0.0346576755	-0.1800358768	0.0225908684	-0.1139999213
4.2000000000	-0.0002181330	-0.0005970676	-3.9475110436	-0.0002181330	-0.0005970676	-3.9475110436	0.0000971878	0.0002961109	-0.5173112593	-0.0758558989	-0.0630602508	0.0350899693	-0.1942287150	0.0243459870	-0.1148738976
4.3000000000	-0.0002512150	-0.0006035213	-4.2494477847	-0.0002512150	-0.0006035213	-4.2494477847	0.0001048426	0.0002971661	-0.3935460300	-0.0765489380	-0.0636265168	0.0354290467	-0.2071552379	0.0259444508	-0.1154135304
4.4000000000	-0.0003015788	-0.0006143272	-4.5657481223	-0.0003015788	-0.0006143272	-4.5657481223	0.0001157678	0.0002988218	-0.2686195176	-0.0770775767	-0.0640579561	0.0356919567	-0.2188564578	0.0273913229	-0.1156813945
4.5000000000	-0.0003761326	-0.0006317534	-4.8967404993	-0.0003761326	-0.0006317534	-4.8967404993	0.0001308984	0.0003013160	-0.1431212208	-0.0774766422	-0.0643830409	0.0358935137	-0.2293880810	0.0286934854	-0.1157313658
4.6000000000	-0.0004837118	-0.0006589265	-5.2427514749	-0.0004837118	-0.0006589265	-5.2427514749	0.0001512837	0.0003049383	-0.0176422987	-0.0777748641	-0.0646252587	0.0360463340	-0.2388179881	0.0298593289	-0.1156085496
4.7000000000	-0.0006353674	-0.0007000348	-5.6041052844	-0.0006353674	-0.0007000348	-5.6041052844	0.0001780623	0.0003100285	0.1072344783	-0.0779955552	-0.0648036726	0.0361609584	-0.2472237559	0.0308984469	-0.1153494381
4.8000000000	-0.0008446450	-0.0007605450	-5.9811233733	-0.0008446450	-0.0007605450	-5.9811233733	0.0002124297	0.0003169713	0.2309439806	-0.0781573400	-0.0649335195	0.0362460345	-0.2546902863	0.0318213441	-0.1149822468
4.9000000000	-0.0011278449	-0.0008474284	-6.3741239042	-0.0011278449	-0.0008474284	-6.3741239042	0.0002555998	0.0003261880	0.3529469804	-0.0782748759	-0.0650268018	0.0363085346	-0.2613075906	0.0326391637	-0.1145273821
