#real_cutoff=5
#reciprocal_cutoff=6
#r0 - r0 : [0.0, 0.0, 0.0, 0.0]
#r0 - r1 : [0.0, 0.0, 0.0, 0.0]
#r0 - r2 : [1.0, 0.0, 0.0, 1.0]
#r0 - r3 : [1.9553522243833719, 1.33555, 1.0930010000000001, -0.91927]
#r0 - r4 : [1.4258563194855927, 1.33555, -0.1651689999999999, -0.471266]
alpha	0x	0y	0z	1x	1y	1z	2x	2y	2z	3x	3y	3z	4x	4y	4z
0.1000000000	0.0249651704	0.0215248383	-0.0899384914	0.0249651704	0.0215248383	-0.0899384914	0.0248029002	0.0207245430	-2.2226976999	0.1032583451	0.0861349245	0.0541565931	0.3200933671	-0.0159444703	0.2021278514
0.2000000000	0.0130508882	0.0117869452	-0.1452646799	0.0130508882	0.0117869452	-0.1452646799	0.0129335925	0.0110234399	-2.2778214312	0.0913566202	0.0763974770	-0.0009628573	0.3082030513	-0.0256650941	0.1468992570
0.3000000000	0.0034071097	0.0034739913	-0.1725746261	0.0034071097	0.0034739913	-0.1725746261	0.0032868629	0.0027070474	-2.3051285581	0.0817672365	0.0681311322	-0.0282123747	0.2986028185	-0.0339705472	0.1196162869
0.4000000000	0.0006409138	0.0010139246	-0.1796263107	0.0006409138	0.0010139246	-0.1796263107	0.0004475730	0.0001815257	-2.3123645703	0.0790082573	0.0656790196	-0.0352586907	0.2958418335	-0.0364299324	0.1125665971
0.5000000000	0.0002091713	0.0006269467	-0.1807147610	0.0002091713	0.0006269467	-0.1807147610	-0.0000293163	-0.0002459466	-2.3135667808	0.0785767051	0.0652923239	-0.0363469916	0.2954102099	-0.0368168960	0.1114781874
0.6000000000	0.0001695424	0.0005913955	-0.1808146088	0.0001695424	0.0005913955	-0.1808146088	-0.0000800875	-0.0002914940	-2.3136947022	0.0785370775	0.0652567752	-0.0364468382	0.2953705816	-0.0368524471	0.1113783398
0.7000000000	0.0001674316	0.0005895017	-0.1808199272	0.0001674316	0.0005895017	-0.1808199272	-0.0000835326	-0.0002945848	-2.3137033826	0.0785349665	0.0652548815	-0.0364521566	0.2953684707	-0.0368543409	0.1113730214
0.8000000000	0.0001673676	0.0005894433	-0.1808200969	0.0001673676	0.0005894433	-0.1808200969	-0.0000836792	-0.0002947160	-2.3137037481	0.0785349013	0.0652548234	-0.0364523169	0.2953684044	-0.0368543975	0.1113728578
0.9000000000	0.0001673592	0.0005893952	-0.1808206183	0.0001673592	0.0005893952	-0.1808206183	-0.0000836793	-0.0002946959	-2.3137034984	0.0785348230	0.0652547735	-0.0364522639	0.2953682633	-0.0368543550	0.1113727000
1.0000000000	0.0001672014	0.0005886896	-0.1808302576	0.0001672014	0.0005886896	-0.1808302576	-0.0000836005	-0.0002943431	-2.3136986789	0.0785333784	0.0652537596	-0.0364512827	0.2953656399	-0.0368536369	0.1113697336
1.1000000000	0.0001659263	0.0005839754	-0.1809113417	0.0001659263	0.0005839754	-0.1809113417	-0.0000829630	-0.0002919860	-2.3136581369	0.0785211282	0.0652445587	-0.0364432080	0.2953434733	-0.0368482612	0.1113445915
1.2000000000	0.0001605292	0.0005660565	-0.1813060640	0.0001605292	0.0005660565	-0.1813060640	-0.0000802644	-0.0002830266	-2.3134607758	0.0784610166	0.0651972388	-0.0364040523	0.2952353134	-0.0368248662	0.1112227246
1.3000000000	0.0001460701	0.0005207349	-0.1826110939	0.0001460701	0.0005207349	-0.1826110939	-0.0000730349	-0.0002603658	-2.3128082608	0.0782607715	0.0650343583	-0.0362741067	0.2948775619	-0.0367552905	0.1108244544
1.4000000000	0.0001184368	0.0004360942	-0.1858751311	0.0001184368	0.0004360942	-0.1858751311	-0.0000592182	-0.0002180454	-2.3111762422	0.0777566216	0.0646150263	-0.0359478838	0.2939842328	-0.0365975514	0.1098452040
1.5000000000	0.0000776427	0.0003108015	-0.1925290182	0.0000776427	0.0003108015	-0.1925290182	-0.0000388211	-0.0001553991	-2.3078492987	0.0767241271	0.0637438193	-0.0352842450	0.2921704812	-0.0363033995	0.1078930964
1.6000000000	0.0000284988	0.0001563324	-0.2041820494	0.0000284988	0.0001563324	-0.2041820494	-0.0000142492	-0.0000781645	-2.3020227831	0.0749138350	0.0622036662	-0.0341360242	0.2890156237	-0.0358273129	0.1045693776
1.7000000000	-0.0000217370	-0.0000079838	-0.2223895776	-0.0000217370	-0.0000079838	-0.2223895776	0.0000108687	0.0000039936	-2.2929190190	0.0720968790	0.0597983015	-0.0323865001	0.2841344822	-0.0351324928	0.0995538043
1.8000000000	-0.0000665692	-0.0001627267	-0.2484777041	-0.0000665692	-0.0001627267	-0.2484777041	0.0000332848	0.0000813650	-2.2798749557	0.0681051923	0.0563887577	-0.0299778229	0.2772304507	-0.0341930611	0.0926640221
1.9000000000	-0.0001022457	-0.0002942104	-0.2834554207	-0.0001022457	-0.0002942104	-0.2834554207	0.0000511230	0.0001471069	-2.2623860975	0.0628572089	0.0519149599	-0.0269224474	0.2681204608	-0.0329939167	0.0838779082
2.0000000000	-0.0001279665	-0.0003964450	-0.3280034145	-0.0001279665	-0.0003964450	-0.3280034145	0.0000639834	0.0001982242	-2.2401121013	0.0563667056	0.0464008738	-0.0232969254	0.2567356633	-0.0315297713	0.0733239325
2.1000000000	-0.0001449688	-0.0004699615	-0.3825135493	-0.0001449688	-0.0004699615	-0.3825135493	0.0000724846	0.0002349824	-2.2128570398	0.0487370695	0.0399464138	-0.0192234748	0.2431071502	-0.0298040806	0.0612513489
2.2000000000	-0.0001553682	-0.0005192438	-0.4471541387	-0.0001553682	-0.0005192438	-0.4471541387	0.0000776843	0.0002596236	-2.1805367822	0.0401453856	0.0327110792	-0.0148469277	0.2273455240	-0.0278279689	0.0479917800
2.3000000000	-0.0001612944	-0.0005502275	-0.5219426182	-0.0001612944	-0.0005502275	-0.5219426182	0.0000806474	0.0002751154	-2.1431427255	0.0308209688	0.0248940096	-0.0103135952	0.2096202350	-0.0256190667	0.0339205353
2.4000000000	-0.0001644573	-0.0005685804	-0.6068136473	-0.0001644573	-0.0005685804	-0.6068136473	0.0000822288	0.0002842917	-2.1007079522	0.0210222313	0.0167139504	-0.0057559017	0.1901416893	-0.0232002448	0.0194225413
2.5000000000	-0.0001660448	-0.0005788591	-0.7016757090	-0.0001660448	-0.0005788591	-0.7016757090	0.0000830225	0.0002894308	-2.0532794569	0.0110147426	0.0083913221	-0.0012838532	0.1691470733	-0.0205983191	0.0048651529
2.6000000000	-0.0001667963	-0.0005843169	-0.8064530987	-0.0001667963	-0.0005843169	-0.8064530987	0.0000833982	0.0002921593	-2.0008982790	0.0010523683	0.0001335502	0.0030175841	0.1468896666	-0.0178428263	-0.0094215491
2.7000000000	-0.0001671326	-0.0005870706	-0.9211130521	-0.0001671326	-0.0005870706	-0.9211130521	0.0000835663	0.0002935357	-1.9435880259	-0.0086374287	-0.0078758781	0.0070870560	0.1236309023	-0.0149649430	-0.0231573405
2.8000000000	-0.0001672753	-0.0005883930	-1.0456797429	-0.0001672753	-0.0005883930	-1.0456797429	0.0000836376	0.0002941965	-1.8813512783	-0.0178636965	-0.0154846090	0.0108832947	0.0996343261	-0.0119965730	-0.0361182027
2.9000000000	-0.0001673326	-0.0005889983	-1.1802380039	-0.0001673326	-0.0005889983	-1.1802380039	0.0000836662	0.0002944987	-1.8141727019	-0.0264775931	-0.0225751293	0.0143810226	0.0751607287	-0.0089695854	-0.0481375890
3.0000000000	-0.0001673545	-0.0005892627	-1.3249299745	-0.0001673545	-0.0005892627	-1.3249299745	0.0000836771	0.0002946305	-1.7420273012	-0.0343739488	-0.0290654455	0.0175672314	0.0504639372	-0.0059151716	-0.0591038418
3.1000000000	-0.0001673625	-0.0005893731	-1.4799476456	-0.0001673625	-0.0005893731	-1.4799476456	0.0000836811	0.0002946854	-1.6648920920	-0.0414895206	-0.0349073177	0.0204382406	0.0257869823	-0.0028632896	-0.0689549587
3.2000000000	-0.0001673653	-0.0005894171	-1.6455236945	-0.0001673653	-0.0005894171	-1.6455236945	0.0000836825	0.0002947072	-1.5827594992	-0.0477987978	-0.0400826970	0.0229975693	0.0013585418	0.0001578251	-0.0776717774
3.3000000000	-0.0001673664	-0.0005894339	-1.8219222906	-0.0001673664	-0.0005894339	-1.8219222906	0.0000836830	0.0002947154	-1.4956509372	-0.0533082341	-0.0445990134	0.0252544452	-0.0226103067	0.0031220881	-0.0852704646
3.4000000000	-0.0001673672	-0.0005894400	-2.0094308808	-0.0001673672	-0.0005894400	-2.0094308808	0.0000836833	0.0002947184	-1.4036292838	-0.0580497074	-0.0484839090	0.0272227195	-0.0459289304	0.0060059319	-0.0917949829
3.5000000000	-0.0001673692	-0.0005894421	-2.2083534212	-0.0001673692	-0.0005894421	-2.2083534212	0.0000836838	0.0002947194	-1.3068092531	-0.0620738729	-0.0517799156	0.0289199771	-0.0684294648	0.0087885998	-0.0973100038
3.6000000000	-0.0001673748	-0.0005894426	-2.4190051402	-0.0001673748	-0.0005894426	-2.4190051402	0.0000836852	0.0002947197	-1.2053649971	-0.0654439164	-0.0545394601	0.0303667050	-0.0899685198	0.0114523597	-0.1018945513
3.7000000000	-0.0001673898	-0.0005894426	-2.6417086950	-0.0001673898	-0.0005894426	-2.6417086950	0.0000836885	0.0002947196	-1.0995345718	-0.0682300423	-0.0568204572	0.0315854534	-0.1104282033	0.0139826323	-0.1056365180
3.8000000000	-0.0001674268	-0.0005894424	-2.8767914763	-0.0001674268	-0.0005894424	-2.8767914763	0.0000836963	0.0002947193	-0.9896211890	-0.0705048879	-0.0586826376	0.0325999837	-0.1297164408	0.0163680306	-0.1086280893
3.9000000000	-0.0001675122	-0.0005894432	-3.1245837929	-0.0001675122	-0.0005894432	-3.1245837929	0.0000837130	0.0002947187	-0.8759914050	-0.0723399251	-0.0601846651	0.0334344357	-0.1477666085	0.0186003151	-0.1109620458
4.0000000000	-0.0001676976	-0.0005894478	-3.3854176921	-0.0001676976	-0.0005894478	-3.3854176921	0.0000837464	0.0002947178	-0.7590705761	-0.0738028231	-0.0613820196	0.0341125589	-0.1645365358	0.0206742705	-0.1127288726
4.1000000000	-0.0001680772	-0.0005894631	-3.6596262154	-0.0001680772	-0.0005894631	-3.6596262154	0.0000838095	0.0002947166	-0.6393360354	-0.0749556796	-0.0623255787	0.0346570527	-0.1800069562	0.0225875136	-0.1140145876
4.2000000000	-0.0001688157	-0.0005895049	-3.9475429377	-0.0001688157	-0.0005895049	-3.9475429377	0.0000839226	0.0002947153	-0.5173085084	-0.0758539927	-0.0630607942	0.0350890454	-0.1941795071	0.0243402466	-0.1148991951
4.3000000000	-0.0001701867	-0.0005896052	-4.2495016811	-0.0001701867	-0.0005896052	-4.2495016811	0.0000841155	0.0002947144	-0.3935423069	-0.0765462318	-0.0636273516	0.0354277281	-0.2070743871	0.0259349667	-0.1154556722
4.4000000000	-0.0001726266	-0.0005898247	-4.5658363292	-0.0001726266	-0.0005898247	-4.5658363292	0.0000844302	0.0002947151	-0.2686148246	-0.0770738638	-0.0640591985	0.0356901401	-0.2187277818	0.0273761483	-0.1157494032
4.5000000000	-0.0001768041	-0.0005902709	-4.8968806933	-0.0001768041	-0.0005902709	-4.8968806933	0.0000849233	0.0002947191	-0.1431158103	-0.0774717050	-0.0643848361	0.0358910914	-0.2291891665	0.0286699090	-0.1158379826
4.6000000000	-0.0001837095	-0.0005911257	-5.2429683979	-0.0001837095	-0.0005911257	-5.2429683979	0.0000856676	0.0002947294	-0.0176368312	-0.0777684846	-0.0646277822	0.0360431999	-0.2385185850	0.0298236734	-0.1157713139
4.7000000000	-0.0001947630	-0.0005926814	-5.6044327670	-0.0001947630	-0.0005926814	-5.6044327670	0.0000867536	0.0002947498	0.1072387294	-0.0779875271	-0.0648071309	0.0361570154	-0.2467839910	0.0308458440	-0.1155919411
4.8000000000	-0.0002119436	-0.0005953901	-5.9816066985	-0.0002119436	-0.0005953901	-5.9816066985	0.0000882890	0.0002947851	0.2309448761	-0.0781474808	-0.0649381483	0.0362412025	-0.2540587255	0.0317454899	-0.1153355534
4.9000000000	-0.0002379371	-0.0005999256	-6.3748225187	-0.0002379371	-0.0005999256	-6.3748225187	0.0000903980	0.0002948410	0.3529412108	-0.0782630387	-0.0650328636	0.0363027580	-0.2604191881	0.0325320583	-0.1150316136
