#real_cutoff=5
#reciprocal_cutoff=5
#r0 - r0 : [0.0, 0.0, 0.0, 0.0]
#r0 - r1 : [0.0, 0.0, 0.0, 0.0]
#r0 - r2 : [0.9999999999999999, 0.0, 0.0, 0.9999999999999999]
#r0 - r3 : [1.9553522243833719, 1.33555, 1.0930010000000001, -0.9192700000000001]
#r0 - r4 : [1.4258563194855927, 1.33555, -0.16516899999999968, -0.4712660000000001]
alpha	0x	0y	0z	1x	1y	1z	2x	2y	2z	3x	3y	3z	4x	4y	4z
0.1000000000	0.0105321813	0.0090807912	-0.0379428011	0.0105321813	0.0090807912	-0.0379428011	0.0104827464	0.0088525426	-2.0652302808	0.1212978300	0.1002421261	0.0306729362	0.3216226137	-0.0296760561	0.2091955235
0.2000000000	0.0055058434	0.0049726175	-0.0612835368	0.0055058434	0.0049726175	-0.0612835368	0.0054670840	0.0047531016	-2.0885229579	0.1162744886	0.0961340665	0.0073812801	0.3166019789	-0.0337801332	0.1858779451
0.3000000000	0.0014373744	0.0014655901	-0.0728049204	0.0014373744	0.0014655901	-0.0728049204	0.0013978827	0.0012452300	-2.1000437543	0.1122189451	0.0926381185	-0.0041257939	0.3125438511	-0.0372853869	0.1743629441
0.4000000000	0.0002703855	0.0004277494	-0.0757798498	0.0002703855	0.0004277494	-0.0757798498	0.0002135057	0.0001918186	-2.1030625334	0.1110536589	0.0916021583	-0.0070994619	0.3113780911	-0.0383230678	0.1713884822
0.5000000000	0.0000882441	0.0002644931	-0.0762390398	0.0000882441	0.0002644931	-0.0762390398	0.0000206729	0.0000189726	-2.1035486635	0.1108715615	0.0914389677	-0.0075586174	0.3111959772	-0.0384863208	0.1709293015
0.6000000000	0.0000715257	0.0002494950	-0.0762811631	0.0000715257	0.0002494950	-0.0762811631	0.0000013425	0.0000016312	-2.1035973678	0.1108548434	0.0914239701	-0.0076007405	0.3111792589	-0.0385013190	0.1708871783
0.7000000000	0.0000706352	0.0002486960	-0.0762834068	0.0000706352	0.0002486960	-0.0762834068	0.0000001453	0.0000005571	-2.1036003843	0.1108539529	0.0914231712	-0.0076029842	0.3111783684	-0.0385021179	0.1708849346
0.8000000000	0.0000706082	0.0002486714	-0.0762834784	0.0000706082	0.0002486714	-0.0762834784	0.0000000999	0.0000005164	-2.1036004987	0.1108539254	0.0914231466	-0.0076030530	0.3111783407	-0.0385021420	0.1708848647
0.9000000000	0.0000706047	0.0002486511	-0.0762836983	0.0000706047	0.0002486511	-0.0762836983	0.0000000989	0.0000005154	-2.1036005013	0.1108538960	0.0914231197	-0.0076030977	0.3111782998	-0.0385021368	0.1708847470
1.0000000000	0.0000705381	0.0002483534	-0.0762877649	0.0000705381	0.0002483534	-0.0762877649	0.0000000989	0.0000005154	-2.1036005013	0.1108533158	0.0914225875	-0.0076038402	0.3111775398	-0.0385020341	0.1708825572
1.1000000000	0.0000700002	0.0002463646	-0.0763219723	0.0000700002	0.0002463646	-0.0763219723	0.0000000989	0.0000005154	-2.1036005013	0.1108481246	0.0914178113	-0.0076094930	0.3111711249	-0.0385011848	0.1708640847
1.2000000000	0.0000677232	0.0002388051	-0.0764884957	0.0000677232	0.0002388051	-0.0764884957	0.0000000989	0.0000005154	-2.1036005013	0.1108215470	0.0913933219	-0.0076342183	0.3111399199	-0.0384971184	0.1707743252
1.3000000000	0.0000616233	0.0002196851	-0.0770390553	0.0000616233	0.0002196851	-0.0770390553	0.0000000989	0.0000005154	-2.1036005013	0.1107298790	0.0913089135	-0.0077074717	0.3110369918	-0.0384838628	0.1704790406
1.4000000000	0.0000499655	0.0001839772	-0.0784160710	0.0000499655	0.0001839772	-0.0784160710	0.0000000989	0.0000005154	-2.1036005004	0.1104920022	0.0910906434	-0.0078717011	0.3107800811	-0.0384510503	0.1697462107
1.5000000000	0.0000327555	0.0001311194	-0.0812231796	0.0000327555	0.0001311194	-0.0812231796	0.0000000988	0.0000005152	-2.1036004873	0.1099906595	0.0906336680	-0.0081724429	0.3102564284	-0.0383845466	0.1682684425
1.6000000000	0.0000120229	0.0000659527	-0.0861393021	0.0000120229	0.0000659527	-0.0861393021	0.0000000982	0.0000005138	-2.1036003729	0.1090851351	0.0898161111	-0.0086470295	0.3093365185	-0.0382681836	0.1657178561
1.7000000000	-0.0000091703	-0.0000033682	-0.0938206030	-0.0000091703	-0.0000033682	-0.0938206030	0.0000000962	0.0000005082	-2.1035996824	0.1076290488	0.0885167754	-0.0093173106	0.3078887801	-0.0380856500	0.1618072920
1.8000000000	-0.0000280839	-0.0000686503	-0.1048265314	-0.0000280839	-0.0000686503	-0.1048265314	0.0000000907	0.0000004915	-2.1035965712	0.1054872138	0.0866299679	-0.0101874722	0.3057899758	-0.0378218600	0.1563354919
1.9000000000	-0.0000431349	-0.0001241200	-0.1195827556	-0.0000431349	-0.0001241200	-0.1195827556	0.0000000792	0.0000004534	-2.1035854841	0.1025485643	0.0840746951	-0.0112451156	0.3029305996	-0.0374636292	0.1492075231
2.0000000000	-0.0000539859	-0.0001672502	-0.1383764405	-0.0000539859	-0.0001672502	-0.1383764405	0.0000000604	0.0000003845	-2.1035528088	0.0987345907	0.0807987603	-0.0124634063	0.2992170624	-0.0369998472	0.1404330874
2.1000000000	-0.0000611587	-0.0001982650	-0.1613729036	-0.0000611587	-0.0001982650	-0.1613729036	0.0000000351	0.0000002817	-2.1034703619	0.0940037336	0.0767794748	-0.0138031316	0.2945725200	-0.0364214308	0.1301104266
2.2000000000	-0.0000655460	-0.0002190560	-0.1886431523	-0.0000655460	-0.0002190560	-0.1886431523	0.0000000061	0.0000001517	-2.1032873315	0.0883523563	0.0720224327	-0.0152146016	0.2889372852	-0.0357212613	0.1184037116
2.3000000000	-0.0000680461	-0.0002321272	-0.2201945421	-0.0000680461	-0.0002321272	-0.2201945421	-0.0000000225	0.0000000089	-2.1029220082	0.0818128844	0.0665591483	-0.0166398842	0.2822689823	-0.0348941710	0.1055197255
2.4000000000	-0.0000693804	-0.0002398699	-0.2559995075	-0.0000693804	-0.0002398699	-0.2559995075	-0.0000000473	-0.0000001292	-2.1022549144	0.0744497212	0.0604438822	-0.0180158248	0.2745422998	-0.0339369516	0.0916872326
2.5000000000	-0.0000700501	-0.0002442062	-0.2960194397	-0.0000700501	-0.0002442062	-0.2960194397	-0.0000000666	-0.0000002490	-2.1011247079	0.0663536099	0.0537498123	-0.0192779339	0.2657482390	-0.0328483314	0.0771405010
2.6000000000	-0.0000703672	-0.0002465087	-0.3402224010	-0.0000703672	-0.0002465087	-0.3402224010	-0.0000000801	-0.0000003431	-2.0993276485	0.0576351497	0.0465647236	-0.0203648133	0.2558929202	-0.0316288923	0.0621072171
2.7000000000	-0.0000705091	-0.0002476704	-0.3885945689	-0.0000705091	-0.0002476704	-0.3885945689	-0.0000000887	-0.0000004107	-2.0966207183	0.0484181253	0.0389864676	-0.0212225363	0.2449961273	-0.0302809296	0.0468003565
2.8000000000	-0.0000705693	-0.0002482283	-0.4411461415	-0.0000705693	-0.0002482283	-0.4411461415	-0.0000000937	-0.0000004555	-2.0927278961	0.0388331842	0.0311184748	-0.0218083617	0.2330898014	-0.0288082815	0.0314133029
2.9000000000	-0.0000705936	-0.0002484836	-0.4979129078	-0.0000705936	-0.0002484836	-0.4979129078	-0.0000000963	-0.0000004831	-2.0873487156	0.0290122304	0.0230655897	-0.0220933090	0.2202166487	-0.0272161561	0.0161174452
3.0000000000	-0.0000706035	-0.0002485952	-0.5589548326	-0.0000706035	-0.0002485952	-0.5589548326	-0.0000000973	-0.0000004989	-2.0801680957	0.0190837349	0.0149304256	-0.0220633607	0.2064289449	-0.0255109742	0.0010615460
3.1000000000	-0.0000706091	-0.0002486417	-0.6243529115	-0.0000706091	-0.0002486417	-0.6243529115	-0.0000000967	-0.0000005075	-2.0708664850	0.0091690221	0.0068103554	-0.0217193057	0.1917875386	-0.0237002368	-0.0136277144
3.2000000000	-0.0000706171	-0.0002486601	-0.6942053038	-0.0000706171	-0.0002486601	-0.6942053038	-0.0000000932	-0.0000005118	-2.0591295298	-0.0006205080	-0.0012048266	-0.0210754234	0.1763609999	-0.0217924118	-0.0278444878
3.3000000000	-0.0000706367	-0.0002486672	-0.7686234517	-0.0000706367	-0.0002486672	-0.7686234517	-0.0000000828	-0.0000005138	-2.0446567035	-0.0101853170	-0.0090345965	-0.0201573256	0.1602248367	-0.0197968317	-0.0415021511
3.4000000000	-0.0000706858	-0.0002486708	-0.8477286127	-0.0000706858	-0.0002486708	-0.8477286127	-0.0000000562	-0.0000005140	-2.0271685632	-0.0194389449	-0.0166088091	-0.0189993023	0.1434607007	-0.0177235923	-0.0545315798
3.5000000000	-0.0000708010	-0.0002486759	-0.9316489976	-0.0000708010	-0.0002486759	-0.9316489976	0.0000000061	-0.0000005116	-2.0064124997	-0.0283086271	-0.0238683023	-0.0176414971	0.1261555277	-0.0155834453	-0.0668794514
3.6000000000	-0.0000710530	-0.0002486904	-1.0205175524	-0.0000710530	-0.0002486904	-1.0205175524	0.0000001411	-0.0000005033	-1.9821670039	-0.0367354193	-0.0307650778	-0.0161271752	0.1084005809	-0.0133876796	-0.0785066563
3.7000000000	-0.0000715702	-0.0002487297	-1.1144703209	-0.0000715702	-0.0002487297	-1.1144703209	0.0000004154	-0.0000004808	-1.9542445757	-0.0446739247	-0.0372621359	-0.0145002749	0.0902903939	-0.0111479907	-0.0893868456
3.8000000000	-0.0000725727	-0.0002488255	-1.2136452841	-0.0000725727	-0.0002488255	-1.2136452841	0.0000009411	-0.0000004278	-1.9224934624	-0.0520917006	-0.0433330311	-0.0128033570	0.0719216315	-0.0088763411	-0.0995051127
3.9000000000	-0.0000744184	-0.0002490386	-1.3181815604	-0.0000744184	-0.0002490386	-1.3181815604	0.0000018970	-0.0000003134	-1.8867984369	-0.0589684132	-0.0489612059	-0.0110760053	0.0533918981	-0.0065848141	-0.1088567921
4.0000000000	-0.0000776632	-0.0002494782	-1.4282188622	-0.0000776632	-0.0002494782	-1.4282188622	0.0000035551	-0.0000000837	-1.8470808183	-0.0652947965	-0.0541391577	-0.0093536795	0.0347985322	-0.0042854656	-0.1174463497
4.1000000000	-0.0000831357	-0.0002503290	-1.5438971217	-0.0000831357	-0.0002503290	-1.5438971217	0.0000063110	0.0000003493	-1.8032979159	-0.0710714709	-0.0588674808	-0.0076669887	0.0162374264	-0.0019901802	-0.1252863452
4.2000000000	-0.0000920248	-0.0002518879	-1.6653562215	-0.0000920248	-0.0002518879	-1.6653562215	0.0000107176	0.0000011225	-1.7554420463	-0.0763076686	-0.0631538297	-0.0060413340	-0.0021980935	0.0002894672	-0.1323964476
4.3000000000	-0.0001059813	-0.0002546106	-1.7927357842	-0.0001059813	-0.0002546106	-1.7927357842	0.0000175207	0.0000024389	-1.7035392374	-0.0810199131	-0.0670118400	-0.0044968546	-0.0204182989	0.0025423379	-0.1388024953
4.4000000000	-0.0001272286	-0.0002591693	-1.9261749891	-0.0001272286	-0.0002591693	-1.9261749891	0.0000276930	0.0000045870	-1.6476477022	-0.0852306931	-0.0704600423	-0.0030486136	-0.0383379765	0.0047578434	-0.1445355958
4.5000000000	-0.0001586810	-0.0002665210	-2.0658123981	-0.0001586810	-0.0002665210	-2.0658123981	0.0000424653	0.0000079614	-1.5878561381	-0.0889671711	-0.0735208029	-0.0017069604	-0.0558772174	0.0069260437	-0.1496312647
4.6000000000	-0.0002040659	-0.0002779846	-2.2117857785	-0.0002040659	-0.0002779846	-2.2117857785	0.0000633522	0.0000130841	-1.5242818880	-0.0922599562	-0.0762193150	-0.0004780124	-0.0729620693	0.0090377300	-0.1541286076
4.7000000000	-0.0002680456	-0.0002953272	-2.3642319169	-0.0002680456	-0.0002953272	-2.3642319169	0.0000921691	0.0000206238	-1.4570689852	-0.0951419697	-0.0785826651	0.0006357917	-0.0895250456	0.0110844897	-0.1580695494
4.8000000000	-0.0003563346	-0.0003208549	-2.5232864231	-0.0003563346	-0.0003208549	-2.5232864231	0.0001310403	0.0000314123	-1.3863860950	-0.0976474219	-0.0806389904	0.0016351080	-0.1055054959	0.0130587551	-0.1614981150
4.9000000000	-0.0004758096	-0.0003575089	-2.6890835221	-0.0004758096	-0.0003575089	-2.6890835221	0.0001823943	0.0000464580	-1.3124243649	-0.0998109155	-0.0824167382	0.0025231042	-0.1208498400	0.0149538356	-0.1644597674
5.0000000000	-0.0006346082	-0.0004089604	-2.8617558354	-0.0006346082	-0.0004089604	-2.8617558354	0.0002489489	0.0000669520	-1.2353951921	-0.1016666794	-0.0839440340	0.0033049014	-0.1355116757	0.0167639332	-0.1670008049
