#real_cutoff=5
#reciprocal_cutoff=6
#r0 - r0 : [0.0, 0.0, 0.0, 0.0]
#r0 - r1 : [0.0, 0.0, 0.0, 0.0]
#r0 - r2 : [0.9999999999999999, 0.0, 0.0, 0.9999999999999999]
#r0 - r3 : [1.9553522243833719, 1.33555, 1.0930010000000001, -0.9192700000000001]
#r0 - r4 : [1.4258563194855927, 1.33555, -0.16516899999999968, -0.4712660000000001]
alpha	0x	0y	0z	1x	1y	1z	2x	2y	2z	3x	3y	3z	4x	4y	4z
0.1000000000	0.0105321813	0.0090807912	-0.0379428011	0.0105321813	0.0090807912	-0.0379428011	0.0104827464	0.0088525426	-2.0652302808	0.1212978300	0.1002421261	0.0306729362	0.3216226137	-0.0296760561	0.2091955235
0.2000000000	0.0055058434	0.0049726175	-0.0612835368	0.0055058434	0.0049726175	-0.0612835368	0.0054670840	0.0047531016	-2.0885229579	0.1162744886	0.0961340665	0.0073812801	0.3166019789	-0.0337801332	0.1858779451
0.3000000000	0.0014373744	0.0014655901	-0.0728049204	0.0014373744	0.0014655901	-0.0728049204	0.0013978827	0.0012452300	-2.1000437543	0.1122189451	0.0926381185	-0.0041257939	0.3125438511	-0.0372853869	0.1743629441
0.4000000000	0.0002703855	0.0004277494	-0.0757798498	0.0002703855	0.0004277494	-0.0757798498	0.0002135057	0.0001918186	-2.1030625334	0.1110536589	0.0916021583	-0.0070994619	0.3113780911	-0.0383230678	0.1713884822
0.5000000000	0.0000882441	0.0002644931	-0.0762390398	0.0000882441	0.0002644931	-0.0762390398	0.0000206729	0.0000189726	-2.1035486635	0.1108715615	0.0914389677	-0.0075586174	0.3111959772	-0.0384863208	0.1709293015
0.6000000000	0.0000715257	0.0002494950	-0.0762811631	0.0000715257	0.0002494950	-0.0762811631	0.0000013425	0.0000016312	-2.1035973678	0.1108548434	0.0914239701	-0.0076007405	0.3111792589	-0.0385013190	0.1708871783
0.7000000000	0.0000706352	0.0002486960	-0.0762834068	0.0000706352	0.0002486960	-0.0762834068	0.0000001453	0.0000005571	-2.1036003843	0.1108539529	0.0914231712	-0.0076029842	0.3111783684	-0.0385021179	0.1708849346
0.8000000000	0.0000706082	0.0002486714	-0.0762834784	0.0000706082	0.0002486714	-0.0762834784	0.0000000999	0.0000005164	-2.1036004987	0.1108539254	0.0914231466	-0.0076030530	0.3111783407	-0.0385021420	0.1708848647
0.9000000000	0.0000706047	0.0002486511	-0.0762836983	0.0000706047	0.0002486511	-0.0762836983	0.0000000989	0.0000005154	-2.1036005013	0.1108538960	0.0914231197	-0.0076030977	0.3111782998	-0.0385021368	0.1708847470
1.0000000000	0.0000705381	0.0002483534	-0.0762877649	0.0000705381	0.0002483534	-0.0762877649	0.0000000989	0.0000005154	-2.1036005013	0.1108533158	0.0914225875	-0.0076038402	0.3111775398	-0.0385020341	0.1708825572
1.1000000000	0.0000700002	0.0002463646	-0.0763219723	0.0000700002	0.0002463646	-0.0763219723	0.0000000989	0.0000005154	-2.1036005013	0.1108481246	0.0914178113	-0.0076094930	0.3111711249	-0.0385011848	0.1708640847
1.2000000000	0.0000677232	0.0002388051	-0.0764884957	0.0000677232	0.0002388051	-0.0764884957	0.0000000989	0.0000005154	-2.1036005013	0.1108215470	0.0913933219	-0.0076342183	0.3111399199	-0.0384971184	0.1707743252
1.3000000000	0.0000616233	0.0002196851	-0.0770390553	0.0000616233	0.0002196851	-0.0770390553	0.0000000989	0.0000005154	-2.1036005013	0.1107298790	0.0913089135	-0.0077074717	0.3110369918	-0.0384838628	0.1704790406
1.4000000000	0.0000499655	0.0001839772	-0.0784160710	0.0000499655	0.0001839772	-0.0784160710	0.0000000989	0.0000005154	-2.1036005004	0.1104920022	0.0910906434	-0.0078717011	0.3107800811	-0.0384510503	0.1697462107
1.5000000000	0.0000327555	0.0001311194	-0.0812231796	0.0000327555	0.0001311194	-0.0812231796	0.0000000988	0.0000005152	-2.1036004873	0.1099906595	0.0906336680	-0.0081724429	0.3102564284	-0.0383845466	0.1682684425
1.6000000000	0.0000120229	0.0000659527	-0.0861393021	0.0000120229	0.0000659527	-0.0861393021	0.0000000982	0.0000005138	-2.1036003729	0.1090851351	0.0898161111	-0.0086470295	0.3093365185	-0.0382681836	0.1657178561
1.7000000000	-0.0000091703	-0.0000033682	-0.0938206030	-0.0000091703	-0.0000033682	-0.0938206030	0.0000000962	0.0000005082	-2.1035996824	0.1076290488	0.0885167754	-0.0093173106	0.3078887801	-0.0380856500	0.1618072920
1.8000000000	-0.0000280839	-0.0000686503	-0.1048265314	-0.0000280839	-0.0000686503	-0.1048265314	0.0000000907	0.0000004915	-2.1035965712	0.1054872138	0.0866299679	-0.0101874722	0.3057899758	-0.0378218600	0.1563354919
1.9000000000	-0.0000431349	-0.0001241200	-0.1195827556	-0.0000431349	-0.0001241200	-0.1195827556	0.0000000792	0.0000004534	-2.1035854841	0.1025485643	0.0840746951	-0.0112451156	0.3029305996	-0.0374636292	0.1492075231
2.0000000000	-0.0000539859	-0.0001672502	-0.1383764405	-0.0000539859	-0.0001672502	-0.1383764405	0.0000000604	0.0000003845	-2.1035528088	0.0987345907	0.0807987603	-0.0124634063	0.2992170624	-0.0369998472	0.1404330874
2.1000000000	-0.0000611587	-0.0001982650	-0.1613729036	-0.0000611587	-0.0001982650	-0.1613729036	0.0000000351	0.0000002817	-2.1034703619	0.0940037336	0.0767794748	-0.0138031316	0.2945725200	-0.0364214308	0.1301104266
2.2000000000	-0.0000655460	-0.0002190560	-0.1886431523	-0.0000655460	-0.0002190560	-0.1886431523	0.0000000061	0.0000001517	-2.1032873315	0.0883523563	0.0720224327	-0.0152146016	0.2889372852	-0.0357212613	0.1184037116
2.3000000000	-0.0000680461	-0.0002321272	-0.2201945421	-0.0000680461	-0.0002321272	-0.2201945421	-0.0000000225	0.0000000089	-2.1029220082	0.0818128844	0.0665591483	-0.0166398842	0.2822689823	-0.0348941710	0.1055197255
2.4000000000	-0.0000693804	-0.0002398699	-0.2559995075	-0.0000693804	-0.0002398699	-0.2559995075	-0.0000000473	-0.0000001292	-2.1022549144	0.0744497212	0.0604438822	-0.0180158248	0.2745422998	-0.0339369516	0.0916872326
2.5000000000	-0.0000700501	-0.0002442062	-0.2960194397	-0.0000700501	-0.0002442062	-0.2960194397	-0.0000000666	-0.0000002490	-2.1011247079	0.0663536099	0.0537498123	-0.0192779339	0.2657482390	-0.0328483314	0.0771405011
2.6000000000	-0.0000703672	-0.0002465087	-0.3402224010	-0.0000703672	-0.0002465087	-0.3402224010	-0.0000000801	-0.0000003431	-2.0993276485	0.0576351497	0.0465647236	-0.0203648133	0.2558929202	-0.0316288923	0.0621072171
2.7000000000	-0.0000705091	-0.0002476704	-0.3885945689	-0.0000705091	-0.0002476704	-0.3885945689	-0.0000000887	-0.0000004107	-2.0966207183	0.0484181253	0.0389864676	-0.0212225363	0.2449961273	-0.0302809296	0.0468003565
2.8000000000	-0.0000705692	-0.0002482283	-0.4411461415	-0.0000705692	-0.0002482283	-0.4411461415	-0.0000000937	-0.0000004555	-2.0927278961	0.0388331842	0.0311184748	-0.0218083617	0.2330898014	-0.0288082815	0.0314133030
2.9000000000	-0.0000705934	-0.0002484837	-0.4979129079	-0.0000705934	-0.0002484837	-0.4979129079	-0.0000000964	-0.0000004831	-2.0873487155	0.0290122303	0.0230655897	-0.0220933089	0.2202166485	-0.0272161561	0.0161174453
3.0000000000	-0.0000706027	-0.0002485952	-0.5589548330	-0.0000706027	-0.0002485952	-0.5589548330	-0.0000000978	-0.0000004989	-2.0801680954	0.0190837346	0.0149304257	-0.0220633606	0.2064289441	-0.0255109741	0.0010615463
3.1000000000	-0.0000706061	-0.0002486418	-0.6243529130	-0.0000706061	-0.0002486418	-0.6243529130	-0.0000000984	-0.0000005074	-2.0708664840	0.0091690210	0.0068103555	-0.0217193052	0.1917875355	-0.0237002364	-0.0136277131
3.2000000000	-0.0000706072	-0.0002486604	-0.6942053086	-0.0000706072	-0.0002486604	-0.6942053086	-0.0000000987	-0.0000005117	-2.0591295266	-0.0006205113	-0.0012048263	-0.0210754219	0.1763609900	-0.0217924103	-0.0278444835
3.3000000000	-0.0000706077	-0.0002486674	-0.7686234663	-0.0000706077	-0.0002486674	-0.7686234663	-0.0000000987	-0.0000005138	-2.0446566940	-0.0101853261	-0.0090345956	-0.0201573213	0.1602248076	-0.0197968271	-0.0415021384
3.4000000000	-0.0000706081	-0.0002486700	-0.8477286528	-0.0000706081	-0.0002486700	-0.8477286528	-0.0000000986	-0.0000005147	-2.0271685376	-0.0194389676	-0.0166088069	-0.0189992915	0.1434606228	-0.0177235801	-0.0545315453
3.5000000000	-0.0000706089	-0.0002486709	-0.9316490996	-0.0000706089	-0.0002486709	-0.9316490996	-0.0000000982	-0.0000005152	-2.0064124360	-0.0283086794	-0.0238682974	-0.0176414716	0.1261553350	-0.0155834149	-0.0668793652
3.6000000000	-0.0000706113	-0.0002486711	-1.0205177935	-0.0000706113	-0.0002486711	-1.0205177935	-0.0000000969	-0.0000005154	-1.9821668569	-0.0367355313	-0.0307650676	-0.0161271196	0.1084001376	-0.0133876092	-0.0785064555
3.7000000000	-0.0000706176	-0.0002486711	-1.1144708557	-0.0000706176	-0.0002486711	-1.1144708557	-0.0000000934	-0.0000005155	-1.9542442579	-0.0446741489	-0.0372621160	-0.0145001613	0.0902894374	-0.0111478382	-0.0893864068
3.8000000000	-0.0000706332	-0.0002486710	-1.2136464041	-0.0000706332	-0.0002486710	-1.2136464041	-0.0000000850	-0.0000005156	-1.9224928149	-0.0520921237	-0.0433329938	-0.0128031386	0.0719196833	-0.0088760299	-0.0995042070
3.9000000000	-0.0000706692	-0.0002486714	-1.3181837876	-0.0000706692	-0.0002486714	-1.3181837876	-0.0000000660	-0.0000005155	-1.8867971861	-0.0589691696	-0.0489611392	-0.0110756074	0.0533881303	-0.0065842122	-0.1088550162
4.0000000000	-0.0000707474	-0.0002486733	-1.4282230888	-0.0000707474	-0.0002486733	-1.4282230888	-0.0000000259	-0.0000005147	-1.8470785164	-0.0652960847	-0.0541390423	-0.0093529893	0.0347915789	-0.0042843570	-0.1174430255
4.1000000000	-0.0000709076	-0.0002486797	-1.5439048096	-0.0000709076	-0.0002486797	-1.5439048096	0.0000000541	-0.0000005119	-1.8032938623	-0.0710735698	-0.0588672874	-0.0076658437	0.0162251267	-0.0019882257	-0.1252803787
4.2000000000	-0.0000712191	-0.0002486974	-1.6653696768	-0.0000712191	-0.0002486974	-1.6653696768	0.0000002056	-0.0000005044	-1.7554351889	-0.0763109536	-0.0631535141	-0.0060395099	-0.0022190294	0.0002927780	-0.1323861389
4.3000000000	-0.0000717975	-0.0002487397	-1.7927585217	-0.0000717975	-0.0002487397	-1.7927585217	0.0000004792	-0.0000004867	-1.7035280551	-0.0810248692	-0.0670113367	-0.0044940544	-0.0204527093	0.0025477468	-0.1387852918
4.4000000000	-0.0000728269	-0.0002488323	-1.9262122014	-0.0000728269	-0.0002488323	-1.9262122014	0.0000009525	-0.0000004491	-1.6476300699	-0.0852379236	-0.0704592575	-0.0030444590	-0.0383927572	0.0047663935	-0.1445077803
4.5000000000	-0.0000745892	-0.0002490205	-2.0658715425	-0.0000745892	-0.0002490205	-2.0658715425	0.0000017394	-0.0000003748	-1.5878291794	-0.0889773998	-0.0735196043	-0.0017009856	-0.0559619201	0.0069391597	-0.1495875741
4.6000000000	-0.0000775024	-0.0002493811	-2.2118772929	-0.0000775024	-0.0002493811	-2.2118772929	0.0000030015	-0.0000002369	-1.5242418210	-0.0922740228	-0.0762175211	-0.0004696634	-0.0730895849	0.0090573064	-0.1540617780
4.7000000000	-0.0000821656	-0.0002500375	-2.3643700736	-0.0000821656	-0.0002500375	-2.3643700736	0.0000049598	0.0000000060	-1.4570109667	-0.0951608173	-0.0785800330	0.0006471539	-0.0897123637	0.0111129866	-0.1579697864
4.8000000000	-0.0000894137	-0.0002511802	-2.5234903259	-0.0000894137	-0.0002511802	-2.5234903259	0.0000079076	0.0000004144	-1.3863040714	-0.0976720775	-0.0806352035	0.0016501978	-0.1057745268	0.0130992984	-0.1613524917
4.9000000000	-0.0001003797	-0.0002530936	-2.6893782501	-0.0001003797	-0.0002530936	-2.6893782501	0.0000122225	0.0000010742	-1.3123109336	-0.0998424631	-0.0824113941	0.0025426977	-0.1212282839	0.0150103201	-0.1642515529
5.0000000000	-0.0001165649	-0.0002561878	-2.8621737340	-0.0001165649	-0.0002561878	-2.8621737340	0.0000183780	0.0000021021	-1.2352414784	-0.1017062300	-0.0839366344	0.0033298183	-0.1360339193	0.0168411269	-0.1667087304
