#real_cutoff=2
#reciprocal_cutoff=6
#r0 - r0 : [0.0, 0.0, 0.0, 0.0]
#r0 - r1 : [0.0, 0.0, 0.0, 0.0]
#r0 - r2 : [0.9999999999999998, 0.0, 0.0, 0.9999999999999998]
#r0 - r3 : [1.9553522243833716, 1.3355499999999996, 1.0930010000000001, -0.91927]
#r0 - r4 : [1.425856319485592, 1.3355499999999996, -0.16516899999999968, -0.47126599999999996]
alpha	0x	0y	0z	1x	1y	1z	2x	2y	2z	3x	3y	3z	4x	4y	4z
0.1000000000	0.0009843777	0.0008422743	-0.0025209780	0.0009843777	0.0008422743	-0.0025209780	0.0009846174	0.0008388088	-2.0029300845	0.1293742339	0.1059327032	0.0428624640	0.3211334959	-0.0387576670	0.2296660182
0.2000000000	0.0009463346	0.0008125502	-0.0031366406	0.0009463346	0.0008125502	-0.0031366406	0.0009466082	0.0008091111	-2.0035452513	0.1293359195	0.1059027454	0.0422475767	0.3210953205	-0.0387873563	0.2290507122
0.3000000000	0.0008039621	0.0006993063	-0.0041254204	0.0008039621	0.0006993063	-0.0041254204	0.0008044753	0.0006960580	-2.0045324318	0.1291931845	0.1057891306	0.0412608043	0.3209528350	-0.0389004703	0.2280628741
0.4000000000	0.0005729714	0.0005106277	-0.0050888053	0.0005729714	0.0005106277	-0.0050888053	0.0005739865	0.0005077893	-2.0054937355	0.1289624947	0.1056005811	0.0402993806	0.3207222102	-0.0390889753	0.2271004135
0.5000000000	0.0003437911	0.0003175905	-0.0058067082	0.0003437911	0.0003175905	-0.0058067082	0.0003452059	0.0003150860	-2.0062103233	0.1287340441	0.1054081002	0.0395825747	0.3204936512	-0.0392818908	0.2263830126
0.6000000000	0.0001782807	0.0001743029	-0.0062582146	0.0001782807	0.0001743029	-0.0062582146	0.0001796187	0.0001717240	-2.0066619630	0.1285690530	0.1052652786	0.0391315152	0.3203285510	-0.0394251223	0.2259316967
0.7000000000	0.0000824660	0.0000897636	-0.0065055016	0.0000824660	0.0000897636	-0.0065055016	0.0000832447	0.0000866834	-2.0069106548	0.1284734398	0.1051809484	0.0388843662	0.3202328873	-0.0395096445	0.2256844612
0.8000000000	0.0000357629	0.0000481583	-0.0066237229	0.0000357629	0.0000481583	-0.0066237229	0.0000357788	0.0000443929	-2.0070308036	0.1284267936	0.1051394024	0.0387661612	0.3201862274	-0.0395512506	0.2255662380
0.9000000000	0.0000162103	0.0000307074	-0.0066727032	0.0000162103	0.0000307074	-0.0066727032	0.0000155568	0.0000263395	-2.0070814715	0.1284072659	0.1051219647	0.0387171510	0.3201666989	-0.0395687110	0.2255172319
1.0000000000	0.0000091422	0.0000244023	-0.0066904509	0.0000091422	0.0000244023	-0.0066904509	0.0000080534	0.0000196469	-2.0071002313	0.1284002018	0.1051156555	0.0386994350	0.3201596383	-0.0395750203	0.2254994881
1.1000000000	0.0000068980	0.0000222873	-0.0066987117	0.0000068980	0.0000222873	-0.0066987117	0.0000055975	0.0000173723	-2.0071083366	0.1283978239	0.1051134385	0.0386918347	0.3201572871	-0.0395770862	0.2254915252
1.2000000000	0.0000061112	0.0000211092	-0.0067146803	0.0000061112	0.0000211092	-0.0067146803	0.0000047664	0.0000162677	-2.0071211007	0.1283962617	0.1051116411	0.0386793829	0.3201559114	-0.0395780300	0.2254771216
1.3000000000	0.0000054414	0.0000193137	-0.0067633090	0.0000054414	0.0000193137	-0.0067633090	0.0000041916	0.0000148377	-2.0071584899	0.1283927833	0.1051074886	0.0386428745	0.3201532460	-0.0395791604	0.2254337393
1.4000000000	0.0000043917	0.0000161560	-0.0068842541	0.0000043917	0.0000161560	-0.0068842541	0.0000033729	0.0000124061	-2.0072511697	0.1283841551	0.1050977790	0.0385532562	0.3201471035	-0.0395809001	0.2253260742
1.5000000000	0.0000028764	0.0000115118	-0.0071307030	0.0000028764	0.0000115118	-0.0071307030	0.0000022092	0.0000088458	-2.0074399658	0.1283660766	0.1050786118	0.0383725534	0.3201349409	-0.0395830491	0.2251071479
1.6000000000	0.0000010556	0.0000057902	-0.0075622980	0.0000010556	0.0000057902	-0.0075622980	0.0000008138	0.0000044623	-2.0077705818	0.1283332133	0.1050455993	0.0380592717	0.3201138427	-0.0395849104	0.2247248607
1.7000000000	-0.0000008051	-0.0000002957	-0.0082366510	-0.0000008051	-0.0000002957	-0.0082366510	-0.0000006117	-0.0000002001	-2.0082871304	0.1282793949	0.1049940724	0.0375747677	0.3200805436	-0.0395855013	0.2241298614
1.8000000000	-0.0000024655	-0.0000060269	-0.0092028779	-0.0000024655	-0.0000060269	-0.0092028779	-0.0000018840	-0.0000045914	-2.0090271414	0.1281978032	0.1049191212	0.0368880545	0.3200314042	-0.0395838001	0.2232815456
1.9000000000	-0.0000037869	-0.0000108967	-0.0104983489	-0.0000037869	-0.0000108967	-0.0104983489	-0.0000028968	-0.0000083238	-2.0100189531	0.1280811654	0.1048155503	0.0359781838	0.3199624039	-0.0395789227	0.2221510292
2.0000000000	-0.0000047395	-0.0000146831	-0.0121482746	-0.0000047395	-0.0000146831	-0.0121482746	-0.0000036275	-0.0000112280	-2.0112811702	0.1279219903	0.1046778792	0.0348345116	0.3198692059	-0.0395701823	0.2207214335
2.1000000000	-0.0000053692	-0.0000174060	-0.0141671685	-0.0000053692	-0.0000174060	-0.0141671685	-0.0000041112	-0.0000133192	-2.0128234446	0.1277128333	0.1045004402	0.0334555844	0.3197472847	-0.0395570609	0.2189864047
2.2000000000	-0.0000057544	-0.0000192313	-0.0165612644	-0.0000057544	-0.0000192313	-0.0165612644	-0.0000044078	-0.0000147242	-2.0146479083	0.1274465304	0.1042775423	0.0318473527	0.3195920653	-0.0395391426	0.2169477711
2.3000000000	-0.0000059739	-0.0000203788	-0.0193312081	-0.0000059739	-0.0000203788	-0.0193312081	-0.0000045774	-0.0000156106	-2.0167508031	0.1271163481	0.1040036362	0.0300212194	0.3193990245	-0.0395160498	0.2146130088
2.4000000000	-0.0000060910	-0.0000210585	-0.0224745795	-0.0000060910	-0.0000210585	-0.0224745795	-0.0000046685	-0.0000161385	-2.0191240484	0.1267160285	0.1036734276	0.0279922303	0.3191637302	-0.0394873994	0.2119929296
2.5000000000	-0.0000061498	-0.0000214392	-0.0259879892	-0.0000061498	-0.0000214392	-0.0259879892	-0.0000047145	-0.0000164364	-2.0217566180	0.1262397477	0.1032819182	0.0257775569	0.3188818216	-0.0394527789	0.2090998102
2.6000000000	-0.0000061776	-0.0000216414	-0.0298686333	-0.0000061776	-0.0000216414	-0.0298686333	-0.0000047365	-0.0000165961	-2.0246356685	0.1256820213	0.1028243870	0.0233953240	0.3185489505	-0.0394117374	0.2059460350
2.7000000000	-0.0000061901	-0.0000217434	-0.0341152982	-0.0000061901	-0.0000217434	-0.0341152982	-0.0000047465	-0.0000166778	-2.0277474057	0.1250375952	0.1022963344	0.0208637720	0.3181607067	-0.0393637838	0.2025432371
2.8000000000	-0.0000061954	-0.0000217923	-0.0387288794	-0.0000061954	-0.0000217923	-0.0387288794	-0.0000047508	-0.0000167176	-2.0310777013	0.1243013526	0.1016934194	0.0182007122	0.3177125499	-0.0393083880	0.1989018591
2.9000000000	-0.0000061975	-0.0000218148	-0.0437125187	-0.0000061975	-0.0000218148	-0.0437125187	-0.0000047526	-0.0000167362	-2.0346124880	0.1234682526	0.1010114078	0.0154232181	0.3171997583	-0.0392449830	0.1950310358
3.0000000000	-0.0000061983	-0.0000218245	-0.0490714805	-0.0000061983	-0.0000218245	-0.0490714805	-0.0000047533	-0.0000167445	-2.0383379681	0.1225333064	0.1002461454	0.0125474942	0.3166174017	-0.0391729675	0.1909386919
3.1000000000	-0.0000061986	-0.0000218286	-0.0548128758	-0.0000061986	-0.0000218286	-0.0548128758	-0.0000047535	-0.0000167481	-2.0422406769	0.1214915879	0.0993935563	0.0095888663	0.3159603357	-0.0390917095	0.1866317651
3.2000000000	-0.0000061987	-0.0000218303	-0.0609453220	-0.0000061987	-0.0000218303	-0.0609453220	-0.0000047536	-0.0000167495	-2.0463074420	0.1203382704	0.0984496648	0.0065618452	0.3152232146	-0.0390005497	0.1821164789
3.3000000000	-0.0000061988	-0.0000218309	-0.0674786034	-0.0000061988	-0.0000218309	-0.0674786034	-0.0000047536	-0.0000167501	-2.0505252730	0.1190686830	0.0974106338	0.0034802277	0.3144005172	-0.0388988061	0.1773986179
3.4000000000	-0.0000061988	-0.0000218311	-0.0744233660	-0.0000061988	-0.0000218311	-0.0744233660	-0.0000047537	-0.0000167503	-2.0548812167	0.1176783746	0.0962728132	0.0003572059	0.3134865804	-0.0387857786	0.1724837719
3.5000000000	-0.0000061989	-0.0000218312	-0.0817908675	-0.0000061989	-0.0000218312	-0.0817908675	-0.0000047537	-0.0000167504	-2.0593621987	0.1161631832	0.0950327928	-0.0027945337	0.3124756364	-0.0386607541	0.1673775367
3.6000000000	-0.0000061991	-0.0000218312	-0.0895927830	-0.0000061991	-0.0000218312	-0.0895927830	-0.0000047537	-0.0000167504	-2.0639548729	0.1145193011	0.0936874548	-0.0059627308	0.3113618511	-0.0385230110	0.1620856658
3.7000000000	-0.0000061996	-0.0000218312	-0.0978410628	-0.0000061996	-0.0000218312	-0.0978410628	-0.0000047538	-0.0000167504	-2.0686454881	0.1127433372	0.0922340230	-0.0091354978	0.3101393613	-0.0383718243	0.1566141784
3.8000000000	-0.0000062010	-0.0000218312	-0.1065478325	-0.0000062010	-0.0000218312	-0.1065478325	-0.0000047541	-0.0000167504	-2.0734197793	0.1108323714	0.0906701073	-0.0123012905	0.3088023114	-0.0382064699	0.1509694281
3.9000000000	-0.0000062042	-0.0000218312	-0.1157253257	-0.0000062042	-0.0000218312	-0.1157253257	-0.0000047546	-0.0000167504	-2.0782628853	0.1087840016	0.0889937419	-0.0154489015	0.3073448872	-0.0380262289	0.1451581416
4.0000000000	-0.0000062110	-0.0000218314	-0.1253858404	-0.0000062110	-0.0000218314	-0.1253858404	-0.0000047556	-0.0000167504	-2.0831592915	0.1065963834	0.0872034173	-0.0185674725	0.3057613485	-0.0378303915	0.1391874347
4.1000000000	-0.0000062251	-0.0000218320	-0.1355417117	-0.0000062251	-0.0000218320	-0.1355417117	-0.0000047575	-0.0000167503	-2.0880927954	0.1042682621	0.0852981071	-0.0216465187	0.3040460603	-0.0376182614	0.1330648107
4.2000000000	-0.0000062524	-0.0000218335	-0.1462052940	-0.0000062524	-0.0000218335	-0.1462052940	-0.0000047610	-0.0000167502	-2.0930464924	0.1017989973	0.0832772878	-0.0246759637	0.3021935222	-0.0373891591	0.1267981476
4.3000000000	-0.0000063032	-0.0000218372	-0.1573889512	-0.0000063032	-0.0000218372	-0.1573889512	-0.0000047667	-0.0000167500	-2.0980027762	0.0991885810	0.0811409535	-0.0276461791	0.3001983968	-0.0371424260	0.1203956776
4.4000000000	-0.0000063936	-0.0000218454	-0.1691050492	-0.0000063936	-0.0000218454	-0.1691050492	-0.0000047757	-0.0000167497	-2.1029433527	0.0964376484	0.0788896258	-0.0305480251	0.2980555375	-0.0368774281	0.1138659600
4.5000000000	-0.0000065483	-0.0000218619	-0.1813659516	-0.0000065483	-0.0000218619	-0.1813659516	-0.0000047892	-0.0000167491	-2.1078492633	0.0935474833	0.0765243572	-0.0333728920	0.2957600140	-0.0365935597	0.1072178526
4.6000000000	-0.0000068041	-0.0000218935	-0.1941840147	-0.0000068041	-0.0000218935	-0.1941840147	-0.0000048082	-0.0000167479	-2.1127009162	0.0905200169	0.0740467313	-0.0361127377	0.2933071380	-0.0362902472	0.1004604794
4.7000000000	-0.0000072134	-0.0000219512	-0.2075715840	-0.0000072134	-0.0000219512	-0.2075715840	-0.0000048333	-0.0000167455	-2.1174781228	0.0873578207	0.0714588568	-0.0387601218	0.2906924867	-0.0359669530	0.0936031983
4.8000000000	-0.0000078498	-0.0000220515	-0.2215409888	-0.0000078498	-0.0000220515	-0.2215409888	-0.0000048640	-0.0000167407	-2.1221601394	0.0840640941	0.0687633577	-0.0413082353	0.2879119254	-0.0356231791	0.0866555677
4.9000000000	-0.0000088125	-0.0000222195	-0.2361045377	-0.0000088125	-0.0000222195	-0.2361045377	-0.0000048978	-0.0000167315	-2.1267257121	0.0806426463	0.0659633591	-0.0437509237	0.2849616284	-0.0352584711	0.0796273137
