#real_cutoff=5
#reciprocal_cutoff=6
#r0 - r0 : [0.0, 0.0, 0.0, 0.0]
#r0 - r1 : [0.0, 0.0, 0.0, 0.0]
#r0 - r2 : [0.9999999999999998, 0.0, 0.0, 0.9999999999999998]
#r0 - r3 : [1.9553522243833716, 1.3355499999999996, 1.0930010000000001, -0.91927]
#r0 - r4 : [1.425856319485592, 1.3355499999999996, -0.16516899999999968, -0.47126599999999996]
alpha	0x	0y	0z	1x	1y	1z	2x	2y	2z	3x	3y	3z	4x	4y	4z
0.1000000000	0.0009246359	0.0007972162	-0.0033310552	0.0009246359	0.0007972162	-0.0033310552	0.0009235564	0.0007924808	-2.0037412652	0.1293154217	0.1058882557	0.0420575637	0.3210748691	-0.0388023359	0.2288582791
0.2000000000	0.0004833662	0.0004365535	-0.0053801733	0.0004833662	0.0004365535	-0.0053801733	0.0004824719	0.0004319695	-2.0057895496	0.1288742042	0.1055275951	0.0400092971	0.3206336986	-0.0391629276	0.2268095626
0.3000000000	0.0001261892	0.0001286663	-0.0063916528	0.0001261892	0.0001286663	-0.0063916528	0.0001252816	0.0001240672	-2.0068010203	0.1285172517	0.1052199004	0.0389980652	0.3202767011	-0.0394707841	0.2257981935
0.4000000000	0.0000237375	0.0000375528	-0.0066528263	0.0000237375	0.0000375528	-0.0066528263	0.0000225276	0.0000326829	-2.0070629562	0.1284148294	0.1051288193	0.0387369133	0.3201742705	-0.0395618949	0.2255370280
0.5000000000	0.0000077471	0.0000232202	-0.0066931393	0.0000077471	0.0000232202	-0.0066931393	0.0000063522	0.0000181845	-2.0071037353	0.1283988396	0.1051144879	0.0386966009	0.3201582805	-0.0395762274	0.2254967151
0.6000000000	0.0000062793	0.0000219035	-0.0066968374	0.0000062793	0.0000219035	-0.0066968374	0.0000048397	0.0000168276	-2.0071075461	0.1283973719	0.1051131712	0.0386929029	0.3201568128	-0.0395775441	0.2254930171
0.7000000000	0.0000062012	0.0000218334	-0.0066970343	0.0000062012	0.0000218334	-0.0066970343	0.0000047564	0.0000167529	-2.0071077560	0.1283972937	0.1051131011	0.0386927059	0.3201567346	-0.0395776143	0.2254928201
0.8000000000	0.0000061988	0.0000218312	-0.0066970406	0.0000061988	0.0000218312	-0.0066970406	0.0000047537	0.0000167505	-2.0071077630	0.1283972913	0.1051130989	0.0386926997	0.3201567322	-0.0395776164	0.2254928138
0.9000000000	0.0000061985	0.0000218295	-0.0066970599	0.0000061985	0.0000218295	-0.0066970599	0.0000047535	0.0000167491	-2.0071077778	0.1283972903	0.1051130968	0.0386926844	0.3201567311	-0.0395776177	0.2254927966
1.0000000000	0.0000061926	0.0000218033	-0.0066974169	0.0000061926	0.0000218033	-0.0066974169	0.0000047490	0.0000167291	-2.0071080513	0.1283972691	0.1051130612	0.0386924062	0.3201567111	-0.0395776356	0.2254924782
1.1000000000	0.0000061454	0.0000216287	-0.0067004201	0.0000061454	0.0000216287	-0.0067004201	0.0000047128	0.0000165953	-2.0071103518	0.1283970770	0.1051127813	0.0386900991	0.3201565431	-0.0395777519	0.2254897983
1.2000000000	0.0000059455	0.0000209651	-0.0067150394	0.0000059455	0.0000209651	-0.0067150394	0.0000045597	0.0000160869	-2.0071215509	0.1283960973	0.1051114972	0.0386790146	0.3201557482	-0.0395781765	0.2254767563
1.3000000000	0.0000054100	0.0000192865	-0.0067633738	0.0000054100	0.0000192865	-0.0067633738	0.0000041494	0.0000148011	-2.0071585772	0.1283927520	0.1051074613	0.0386428071	0.3201532152	-0.0395791882	0.2254336729
1.4000000000	0.0000043865	0.0000161516	-0.0068842641	0.0000043865	0.0000161516	-0.0068842641	0.0000033654	0.0000123996	-2.0072511845	0.1283841500	0.1050977745	0.0385532455	0.3201470985	-0.0395809047	0.2253260638
1.5000000000	0.0000028757	0.0000115112	-0.0071307044	0.0000028757	0.0000115112	-0.0071307044	0.0000022080	0.0000088448	-2.0074399680	0.1283660759	0.1050786112	0.0383725520	0.3201349402	-0.0395830497	0.2251071464
1.6000000000	0.0000010555	0.0000057901	-0.0075622981	0.0000010555	0.0000057901	-0.0075622981	0.0000008137	0.0000044621	-2.0077705821	0.1283332132	0.1050455992	0.0380592715	0.3201138426	-0.0395849105	0.2247248605
1.7000000000	-0.0000008051	-0.0000002957	-0.0082366510	-0.0000008051	-0.0000002957	-0.0082366510	-0.0000006117	-0.0000002001	-2.0082871304	0.1282793948	0.1049940724	0.0375747676	0.3200805435	-0.0395855013	0.2241298614
1.8000000000	-0.0000024655	-0.0000060269	-0.0092028779	-0.0000024655	-0.0000060269	-0.0092028779	-0.0000018840	-0.0000045914	-2.0090271414	0.1281978032	0.1049191212	0.0368880545	0.3200314042	-0.0395838001	0.2232815456
1.9000000000	-0.0000037869	-0.0000108967	-0.0104983489	-0.0000037869	-0.0000108967	-0.0104983489	-0.0000028968	-0.0000083238	-2.0100189531	0.1280811654	0.1048155503	0.0359781838	0.3199624039	-0.0395789227	0.2221510292
2.0000000000	-0.0000047395	-0.0000146831	-0.0121482746	-0.0000047395	-0.0000146831	-0.0121482746	-0.0000036275	-0.0000112280	-2.0112811702	0.1279219903	0.1046778792	0.0348345116	0.3198692059	-0.0395701823	0.2207214335
2.1000000000	-0.0000053692	-0.0000174060	-0.0141671685	-0.0000053692	-0.0000174060	-0.0141671685	-0.0000041112	-0.0000133192	-2.0128234446	0.1277128333	0.1045004402	0.0334555844	0.3197472847	-0.0395570609	0.2189864047
2.2000000000	-0.0000057544	-0.0000192313	-0.0165612644	-0.0000057544	-0.0000192313	-0.0165612644	-0.0000044078	-0.0000147242	-2.0146479083	0.1274465304	0.1042775423	0.0318473527	0.3195920653	-0.0395391426	0.2169477711
2.3000000000	-0.0000059739	-0.0000203788	-0.0193312081	-0.0000059739	-0.0000203788	-0.0193312081	-0.0000045774	-0.0000156106	-2.0167508031	0.1271163481	0.1040036362	0.0300212194	0.3193990245	-0.0395160498	0.2146130088
2.4000000000	-0.0000060910	-0.0000210585	-0.0224745795	-0.0000060910	-0.0000210585	-0.0224745795	-0.0000046685	-0.0000161385	-2.0191240484	0.1267160285	0.1036734276	0.0279922303	0.3191637302	-0.0394873994	0.2119929296
2.5000000000	-0.0000061498	-0.0000214392	-0.0259879892	-0.0000061498	-0.0000214392	-0.0259879892	-0.0000047145	-0.0000164364	-2.0217566180	0.1262397477	0.1032819182	0.0257775569	0.3188818216	-0.0394527789	0.2090998102
2.6000000000	-0.0000061776	-0.0000216414	-0.0298686333	-0.0000061776	-0.0000216414	-0.0298686333	-0.0000047365	-0.0000165961	-2.0246356685	0.1256820213	0.1028243870	0.0233953240	0.3185489505	-0.0394117374	0.2059460350
2.7000000000	-0.0000061901	-0.0000217434	-0.0341152982	-0.0000061901	-0.0000217434	-0.0341152982	-0.0000047465	-0.0000166778	-2.0277474057	0.1250375952	0.1022963344	0.0208637720	0.3181607067	-0.0393637838	0.2025432371
2.8000000000	-0.0000061954	-0.0000217923	-0.0387288794	-0.0000061954	-0.0000217923	-0.0387288794	-0.0000047508	-0.0000167176	-2.0310777013	0.1243013526	0.1016934194	0.0182007122	0.3177125499	-0.0393083880	0.1989018591
2.9000000000	-0.0000061975	-0.0000218148	-0.0437125187	-0.0000061975	-0.0000218148	-0.0437125187	-0.0000047526	-0.0000167362	-2.0346124880	0.1234682526	0.1010114078	0.0154232181	0.3171997583	-0.0392449830	0.1950310358
3.0000000000	-0.0000061983	-0.0000218245	-0.0490714805	-0.0000061983	-0.0000218245	-0.0490714805	-0.0000047533	-0.0000167445	-2.0383379681	0.1225333064	0.1002461454	0.0125474942	0.3166174017	-0.0391729675	0.1909386919
3.1000000000	-0.0000061986	-0.0000218286	-0.0548128758	-0.0000061986	-0.0000218286	-0.0548128758	-0.0000047535	-0.0000167481	-2.0422406769	0.1214915879	0.0993935563	0.0095888663	0.3159603357	-0.0390917095	0.1866317651
3.2000000000	-0.0000061987	-0.0000218303	-0.0609453220	-0.0000061987	-0.0000218303	-0.0609453220	-0.0000047536	-0.0000167495	-2.0463074420	0.1203382704	0.0984496648	0.0065618452	0.3152232146	-0.0390005497	0.1821164789
3.3000000000	-0.0000061988	-0.0000218309	-0.0674786034	-0.0000061988	-0.0000218309	-0.0674786034	-0.0000047536	-0.0000167501	-2.0505252730	0.1190686830	0.0974106338	0.0034802277	0.3144005172	-0.0388988061	0.1773986179
3.4000000000	-0.0000061988	-0.0000218311	-0.0744233660	-0.0000061988	-0.0000218311	-0.0744233660	-0.0000047537	-0.0000167503	-2.0548812167	0.1176783746	0.0962728132	0.0003572059	0.3134865804	-0.0387857786	0.1724837719
3.5000000000	-0.0000061989	-0.0000218312	-0.0817908675	-0.0000061989	-0.0000218312	-0.0817908675	-0.0000047537	-0.0000167504	-2.0593621987	0.1161631832	0.0950327928	-0.0027945337	0.3124756364	-0.0386607541	0.1673775367
3.6000000000	-0.0000061991	-0.0000218312	-0.0895927830	-0.0000061991	-0.0000218312	-0.0895927830	-0.0000047537	-0.0000167504	-2.0639548729	0.1145193011	0.0936874548	-0.0059627308	0.3113618511	-0.0385230110	0.1620856658
3.7000000000	-0.0000061996	-0.0000218312	-0.0978410628	-0.0000061996	-0.0000218312	-0.0978410628	-0.0000047538	-0.0000167504	-2.0686454881	0.1127433372	0.0922340230	-0.0091354978	0.3101393613	-0.0383718243	0.1566141784
3.8000000000	-0.0000062010	-0.0000218312	-0.1065478325	-0.0000062010	-0.0000218312	-0.1065478325	-0.0000047541	-0.0000167504	-2.0734197793	0.1108323714	0.0906701073	-0.0123012905	0.3088023114	-0.0382064699	0.1509694281
3.9000000000	-0.0000062042	-0.0000218312	-0.1157253257	-0.0000062042	-0.0000218312	-0.1157253257	-0.0000047546	-0.0000167504	-2.0782628853	0.1087840016	0.0889937419	-0.0154489015	0.3073448872	-0.0380262289	0.1451581416
4.0000000000	-0.0000062110	-0.0000218314	-0.1253858404	-0.0000062110	-0.0000218314	-0.1253858404	-0.0000047556	-0.0000167504	-2.0831592915	0.1065963834	0.0872034173	-0.0185674725	0.3057613485	-0.0378303915	0.1391874347
4.1000000000	-0.0000062251	-0.0000218320	-0.1355417117	-0.0000062251	-0.0000218320	-0.1355417117	-0.0000047575	-0.0000167503	-2.0880927954	0.1042682621	0.0852981071	-0.0216465187	0.3040460603	-0.0376182614	0.1330648107
4.2000000000	-0.0000062524	-0.0000218335	-0.1462052940	-0.0000062524	-0.0000218335	-0.1462052940	-0.0000047610	-0.0000167502	-2.0930464924	0.1017989973	0.0832772878	-0.0246759637	0.3021935222	-0.0373891591	0.1267981476
4.3000000000	-0.0000063032	-0.0000218372	-0.1573889512	-0.0000063032	-0.0000218372	-0.1573889512	-0.0000047667	-0.0000167500	-2.0980027762	0.0991885810	0.0811409535	-0.0276461791	0.3001983968	-0.0371424260	0.1203956776
4.4000000000	-0.0000063936	-0.0000218454	-0.1691050492	-0.0000063936	-0.0000218454	-0.1691050492	-0.0000047757	-0.0000167497	-2.1029433527	0.0964376484	0.0788896258	-0.0305480251	0.2980555375	-0.0368774281	0.1138659600
4.5000000000	-0.0000065483	-0.0000218619	-0.1813659516	-0.0000065483	-0.0000218619	-0.1813659516	-0.0000047892	-0.0000167491	-2.1078492633	0.0935474833	0.0765243572	-0.0333728920	0.2957600140	-0.0365935597	0.1072178526
4.6000000000	-0.0000068041	-0.0000218935	-0.1941840147	-0.0000068041	-0.0000218935	-0.1941840147	-0.0000048082	-0.0000167479	-2.1127009162	0.0905200169	0.0740467313	-0.0361127377	0.2933071380	-0.0362902472	0.1004604794
4.7000000000	-0.0000072134	-0.0000219512	-0.2075715840	-0.0000072134	-0.0000219512	-0.2075715840	-0.0000048333	-0.0000167455	-2.1174781228	0.0873578207	0.0714588568	-0.0387601218	0.2906924867	-0.0359669530	0.0936031983
4.8000000000	-0.0000078498	-0.0000220515	-0.2215409888	-0.0000078498	-0.0000220515	-0.2215409888	-0.0000048640	-0.0000167407	-2.1221601394	0.0840640941	0.0687633577	-0.0413082353	0.2879119254	-0.0356231791	0.0866555677
4.9000000000	-0.0000088125	-0.0000222195	-0.2361045377	-0.0000088125	-0.0000222195	-0.2361045377	-0.0000048978	-0.0000167315	-2.1267257121	0.0806426463	0.0659633591	-0.0437509237	0.2849616284	-0.0352584711	0.0796273137
