#real_cutoff=2
#reciprocal_cutoff=3
alpha	0x	0y	0z	1x	1y	1z	2x	2y	2z	3x	3y	3z	4x	4y	4z
0.1000000000	0.0000000000	0.0000000000	0.1337527557	-3.9754849005	0.0000000000	-1.3677819193	3.9754849005	0.0000000000	-1.3677819193	0.0000000000	3.9754849005	-1.3677819193	-0.0000000000	-3.9754849005	-1.3677819193
0.2000000000	-0.0000000000	-0.0000000000	0.1224989354	-3.9754707637	-0.0000000000	-1.3790164541	3.9754707637	-0.0000000000	-1.3790164541	-0.0000000000	3.9754707637	-1.3790164541	-0.0000000000	-3.9754707637	-1.3790164541
0.3000000000	-0.0000000000	-0.0000000000	0.1132438477	-3.9754460637	0.0000000000	-1.3882700881	3.9754460637	0.0000000000	-1.3882700881	0.0000000000	3.9754460637	-1.3882700881	-0.0000000000	-3.9754460637	-1.3882700881
0.4000000000	-0.0000000000	0.0000000000	0.1105045983	-3.9754350928	0.0000000000	-1.3910431959	3.9754350928	-0.0000000000	-1.3910431959	-0.0000000000	3.9754350928	-1.3910431959	0.0000000000	-3.9754350928	-1.3910431959
0.5000000000	-0.0000000000	-0.0000000000	0.1102001974	-3.9754334389	0.0000000000	-1.3913643439	3.9754334389	0.0000000000	-1.3913643439	0.0000000000	3.9754334389	-1.3913643439	-0.0000000000	-3.9754334389	-1.3913643439
0.6000000000	-0.0000000000	0.0000000000	0.1102443308	-3.9754307971	-0.0000000000	-1.3913287530	3.9754307971	-0.0000000000	-1.3913287530	-0.0000000000	3.9754307971	-1.3913287530	0.0000000000	-3.9754307971	-1.3913287530
0.7000000000	0.0000000000	0.0000000000	0.1103538362	-3.9754217529	-0.0000000000	-1.3912301038	3.9754217529	-0.0000000000	-1.3912301038	0.0000000000	3.9754217529	-1.3912301038	-0.0000000000	-3.9754217529	-1.3912301038
0.8000000000	0.0000000000	-0.0000000000	0.1104435644	-3.9754087296	0.0000000000	-1.3911467895	3.9754087296	0.0000000000	-1.3911467895	0.0000000000	3.9754087296	-1.3911467895	0.0000000000	-3.9754087296	-1.3911467895
0.9000000000	0.0000000000	0.0000000000	0.1104853771	-3.9753985082	0.0000000000	-1.3911062330	3.9753985082	0.0000000000	-1.3911062330	0.0000000000	3.9753985082	-1.3911062330	-0.0000000000	-3.9753985082	-1.3911062330
1.0000000000	-0.0000000000	-0.0000000000	0.1104982947	-3.9753933814	-0.0000000000	-1.3910929120	3.9753933814	0.0000000000	-1.3910929120	-0.0000000000	3.9753933814	-1.3910929120	-0.0000000000	-3.9753933814	-1.3910929120
1.1000000000	-0.0000000000	0.0000000000	0.1105011835	-3.9753915717	0.0000000000	-1.3910896807	3.9753915717	0.0000000000	-1.3910896807	0.0000000000	3.9753915717	-1.3910896807	-0.0000000000	-3.9753915717	-1.3910896807
1.2000000000	-0.0000000000	-0.0000000000	0.1105016777	-3.9753910928	0.0000000000	-1.3910890682	3.9753910928	0.0000000000	-1.3910890682	0.0000000000	3.9753910928	-1.3910890682	-0.0000000000	-3.9753910928	-1.3910890682
1.3000000000	0.0000000000	-0.0000000000	0.1105017446	-3.9753909935	0.0000000000	-1.3910889739	3.9753909935	0.0000000000	-1.3910889739	-0.0000000000	3.9753909935	-1.3910889739	0.0000000000	-3.9753909935	-1.3910889739
1.4000000000	-0.0000000000	-0.0000000000	0.1105017486	-3.9753909769	-0.0000000000	-1.3910889601	3.9753909769	-0.0000000000	-1.3910889601	-0.0000000000	3.9753909769	-1.3910889601	0.0000000000	-3.9753909769	-1.3910889601
1.5000000000	-0.0000000000	0.0000000000	0.1105017126	-3.9753909743	-0.0000000000	-1.3910889407	3.9753909743	-0.0000000000	-1.3910889407	0.0000000000	3.9753909743	-1.3910889407	0.0000000000	-3.9753909743	-1.3910889407
1.6000000000	-0.0000000000	-0.0000000000	0.1105014566	-3.9753909706	-0.0000000000	-1.3910888147	3.9753909706	-0.0000000000	-1.3910888147	-0.0000000000	3.9753909706	-1.3910888147	0.0000000000	-3.9753909706	-1.3910888147
1.7000000000	0.0000000000	0.0000000000	0.1105001815	-3.9753909441	-0.0000000000	-1.3910881937	3.9753909441	-0.0000000000	-1.3910881937	-0.0000000000	3.9753909441	-1.3910881937	0.0000000000	-3.9753909441	-1.3910881937
1.8000000000	0.0000000000	-0.0000000000	0.1104953008	-3.9753907988	0.0000000000	-1.3910858432	3.9753907988	0.0000000000	-1.3910858432	0.0000000000	3.9753907988	-1.3910858432	-0.0000000000	-3.9753907988	-1.3910858432
1.9000000000	0.0000000000	-0.0000000000	0.1104801184	-3.9753901901	0.0000000000	-1.3910786222	3.9753901901	0.0000000000	-1.3910786222	0.0000000000	3.9753901901	-1.3910786222	0.0000000000	-3.9753901901	-1.3910786222
2.0000000000	0.0000000000	0.0000000000	0.1104401055	-3.9753881374	0.0000000000	-1.3910598396	3.9753881374	0.0000000000	-1.3910598396	-0.0000000000	3.9753881374	-1.3910598396	0.0000000000	-3.9753881374	-1.3910598396
2.1000000000	0.0000000000	-0.0000000000	0.1103479019	-3.9753823339	-0.0000000000	-1.3910171187	3.9753823339	-0.0000000000	-1.3910171187	-0.0000000000	3.9753823339	-1.3910171187	0.0000000000	-3.9753823339	-1.3910171187
2.2000000000	-0.0000000000	-0.0000000000	0.1101575741	-3.9753681301	-0.0000000000	-1.3909300160	3.9753681301	-0.0000000000	-1.3909300160	0.0000000000	3.9753681301	-1.3909300160	-0.0000000000	-3.9753681301	-1.3909300160
2.3000000000	0.0000000000	-0.0000000000	0.1097989280	-3.9753372696	0.0000000000	-1.3907677121	3.9753372696	0.0000000000	-1.3907677121	-0.0000000000	3.9753372696	-1.3907677121	-0.0000000000	-3.9753372696	-1.3907677121
2.4000000000	-0.0000000000	-0.0000000000	0.1091727038	-3.9752765406	0.0000000000	-1.3904870786	3.9752765406	0.0000000000	-1.3904870786	-0.0000000000	3.9752765406	-1.3904870786	0.0000000000	-3.9752765406	-1.3904870786
2.5000000000	-0.0000000000	-0.0000000000	0.1081472859	-3.9751665391	-0.0000000000	-1.3900313417	3.9751665391	-0.0000000000	-1.3900313417	-0.0000000000	3.9751665391	-1.3900313417	0.0000000000	-3.9751665391	-1.3900313417
2.6000000000	0.0000000000	0.0000000000	0.1065572482	-3.9749807164	0.0000000000	-1.3893294620	3.9749807164	0.0000000000	-1.3893294620	0.0000000000	3.9749807164	-1.3893294620	-0.0000000000	-3.9749807164	-1.3893294620
2.7000000000	-0.0000000000	-0.0000000000	0.1042037258	-3.9746848202	0.0000000000	-1.3882962488	3.9746848202	0.0000000000	-1.3882962488	-0.0000000000	3.9746848202	-1.3882962488	0.0000000000	-3.9746848202	-1.3882962488
2.8000000000	0.0000000000	0.0000000000	0.1008563603	-3.9742367692	-0.0000000000	-1.3868331559	3.9742367692	-0.0000000000	-1.3868331559	0.0000000000	3.9742367692	-1.3868331559	-0.0000000000	-3.9742367692	-1.3868331559
2.9000000000	0.0000000000	-0.0000000000	0.0962564211	-3.9735869435	0.0000000000	-1.3848296542	3.9735869435	0.0000000000	-1.3848296542	0.0000000000	3.9735869435	-1.3848296542	-0.0000000000	-3.9735869435	-1.3848296542
3.0000000000	-0.0000000000	0.0000000000	0.0901206752	-3.9726788410	0.0000000000	-1.3821650602	3.9726788410	-0.0000000000	-1.3821650602	-0.0000000000	3.9726788410	-1.3821650602	0.0000000000	-3.9726788410	-1.3821650602
3.1000000000	-0.0000000000	-0.0000000000	0.0821456124	-3.9714500326	-0.0000000000	-1.3787106893	3.9714500326	-0.0000000000	-1.3787106893	-0.0000000000	3.9714500326	-1.3787106893	0.0000000000	-3.9714500326	-1.3787106893
3.2000000000	0.0000000000	0.0000000000	0.0720117103	-3.9698333531	-0.0000000000	-1.3743322169	3.9698333531	-0.0000000000	-1.3743322169	-0.0000000000	3.9698333531	-1.3743322169	0.0000000000	-3.9698333531	-1.3743322169
3.3000000000	-0.0000000000	-0.0000000000	0.0593875100	-3.9677582651	-0.0000000000	-1.3688921416	3.9677582651	0.0000000000	-1.3688921416	-0.0000000000	3.9677582651	-1.3688921416	0.0000000000	-3.9677582651	-1.3688921416
3.4000000000	-0.0000000000	-0.0000000000	0.0439333536	-3.9651523426	0.0000000000	-1.3622522646	3.9651523426	-0.0000000000	-1.3622522646	-0.0000000000	3.9651523426	-1.3622522646	0.0000000000	-3.9651523426	-1.3622522646
3.5000000000	-0.0000000000	-0.0000000000	0.0253046963	-3.9619428264	-0.0000000000	-1.3542761140	3.9619428264	-0.0000000000	-1.3542761140	0.0000000000	3.9619428264	-1.3542761140	-0.0000000000	-3.9619428264	-1.3542761140
3.6000000000	0.0000000000	-0.0000000000	0.0031549589	-3.9580582063	-0.0000000000	-1.3448312625	3.9580582063	-0.0000000000	-1.3448312625	0.0000000000	3.9580582063	-1.3448312625	0.0000000000	-3.9580582063	-1.3448312625
3.7000000000	-0.0000000000	0.0000000000	-0.0228620835	-3.9534297917	-0.0000000000	-1.3337914951	3.9534297917	-0.0000000000	-1.3337914951	0.0000000000	3.9534297917	-1.3337914951	-0.0000000000	-3.9534297917	-1.3337914951
3.8000000000	-0.0000000000	0.0000000000	-0.0530903569	-3.9479932306	-0.0000000000	-1.3210387969	3.9479932306	-0.0000000000	-1.3210387969	0.0000000000	3.9479932306	-1.3210387969	0.0000000000	-3.9479932306	-1.3210387969
3.9000000000	-0.0000000000	-0.0000000000	-0.0878699522	-3.9416899456	0.0000000000	-1.3064651411	3.9416899456	-0.0000000000	-1.3064651411	-0.0000000000	3.9416899456	-1.3064651411	0.0000000000	-3.9416899456	-1.3064651411
4.0000000000	0.0000000000	-0.0000000000	-0.1275359578	-3.9344684572	0.0000000000	-1.2899740593	3.9344684572	0.0000000000	-1.2899740593	-0.0000000000	3.9344684572	-1.2899740593	-0.0000000000	-3.9344684572	-1.2899740593
4.1000000000	0.0000000000	0.0000000000	-0.1724176119	-3.9262855672	-0.0000000000	-1.2714819870	3.9262855672	-0.0000000000	-1.2714819870	0.0000000000	3.9262855672	-1.2714819870	-0.0000000000	-3.9262855672	-1.2714819870
4.2000000000	0.0000000000	-0.0000000000	-0.2228377291	-3.9171073833	0.0000000000	-1.2509193786	3.9171073833	0.0000000000	-1.2509193786	-0.0000000000	3.9171073833	-1.2509193786	-0.0000000000	-3.9171073833	-1.2509193786
4.3000000000	0.0000000000	-0.0000000000	-0.2791123558	-3.9069101694	0.0000000000	-1.2282315897	3.9069101694	-0.0000000000	-1.2282315897	-0.0000000000	3.9069101694	-1.2282315897	-0.0000000000	-3.9069101694	-1.2282315897
4.4000000000	-0.0000000000	0.0000000000	-0.3415506084	-3.8956810092	0.0000000000	-1.2033795303	3.8956810092	-0.0000000000	-1.2033795303	0.0000000000	3.8956810092	-1.2033795303	0.0000000000	-3.8956810092	-1.2033795303
4.5000000000	0.0000000000	-0.0000000000	-0.4104546583	-3.8834182787	0.0000000000	-1.1763400921	3.8834182787	0.0000000000	-1.1763400921	0.0000000000	3.8834182787	-1.1763400921	-0.0000000000	-3.8834182787	-1.1763400921
4.6000000000	-0.0000000000	0.0000000000	-0.4861198270	-3.8701319249	0.0000000000	-1.1471063586	3.8701319249	0.0000000000	-1.1471063586	-0.0000000000	3.8701319249	-1.1471063586	0.0000000000	-3.8701319249	-1.1471063586
4.7000000000	0.0000000000	0.0000000000	-0.5688347602	-3.8558435551	-0.0000000000	-1.1156876064	3.8558435551	-0.0000000000	-1.1156876064	-0.0000000000	3.8558435551	-1.1156876064	0.0000000000	-3.8558435551	-1.1156876064
4.8000000000	-0.0000000000	-0.0000000000	-0.6588816578	-3.8405863409	-0.0000000000	-1.0821091098	3.8405863409	-0.0000000000	-1.0821091098	-0.0000000000	3.8405863409	-1.0821091098	0.0000000000	-3.8405863409	-1.0821091098
4.9000000000	0.0000000000	-0.0000000000	-0.7565365372	-3.8244047486	-0.0000000000	-1.0464117619	3.8244047486	0.0000000000	-1.0464117619	-0.0000000000	3.8244047486	-1.0464117619	-0.0000000000	-3.8244047486	-1.0464117619
