#real_cutoff=2
#reciprocal_cutoff=5
alpha	0x	0y	0z	1x	1y	1z	2x	2y	2z	3x	3y	3z	4x	4y	4z
0.1000000000	0.0000000000	0.0000000000	0.1337527557	-3.9754849005	0.0000000000	-1.3677819193	3.9754849005	0.0000000000	-1.3677819193	0.0000000000	3.9754849005	-1.3677819193	-0.0000000000	-3.9754849005	-1.3677819193
0.2000000000	-0.0000000000	-0.0000000000	0.1224989354	-3.9754707637	-0.0000000000	-1.3790164541	3.9754707637	-0.0000000000	-1.3790164541	-0.0000000000	3.9754707637	-1.3790164541	-0.0000000000	-3.9754707637	-1.3790164541
0.3000000000	-0.0000000000	-0.0000000000	0.1132438477	-3.9754460637	0.0000000000	-1.3882700881	3.9754460637	0.0000000000	-1.3882700881	0.0000000000	3.9754460637	-1.3882700881	-0.0000000000	-3.9754460637	-1.3882700881
0.4000000000	-0.0000000000	0.0000000000	0.1105045983	-3.9754350928	0.0000000000	-1.3910431959	3.9754350928	-0.0000000000	-1.3910431959	-0.0000000000	3.9754350928	-1.3910431959	0.0000000000	-3.9754350928	-1.3910431959
0.5000000000	-0.0000000000	-0.0000000000	0.1102001974	-3.9754334389	0.0000000000	-1.3913643439	3.9754334389	0.0000000000	-1.3913643439	0.0000000000	3.9754334389	-1.3913643439	-0.0000000000	-3.9754334389	-1.3913643439
0.6000000000	-0.0000000000	0.0000000000	0.1102443308	-3.9754307971	-0.0000000000	-1.3913287530	3.9754307971	-0.0000000000	-1.3913287530	-0.0000000000	3.9754307971	-1.3913287530	0.0000000000	-3.9754307971	-1.3913287530
0.7000000000	0.0000000000	0.0000000000	0.1103538362	-3.9754217529	-0.0000000000	-1.3912301038	3.9754217529	-0.0000000000	-1.3912301038	0.0000000000	3.9754217529	-1.3912301038	-0.0000000000	-3.9754217529	-1.3912301038
0.8000000000	0.0000000000	-0.0000000000	0.1104435644	-3.9754087296	0.0000000000	-1.3911467895	3.9754087296	0.0000000000	-1.3911467895	0.0000000000	3.9754087296	-1.3911467895	0.0000000000	-3.9754087296	-1.3911467895
0.9000000000	0.0000000000	0.0000000000	0.1104853771	-3.9753985082	0.0000000000	-1.3911062330	3.9753985082	0.0000000000	-1.3911062330	0.0000000000	3.9753985082	-1.3911062330	-0.0000000000	-3.9753985082	-1.3911062330
1.0000000000	-0.0000000000	-0.0000000000	0.1104982947	-3.9753933814	-0.0000000000	-1.3910929120	3.9753933814	0.0000000000	-1.3910929120	-0.0000000000	3.9753933814	-1.3910929120	-0.0000000000	-3.9753933814	-1.3910929120
1.1000000000	-0.0000000000	0.0000000000	0.1105011835	-3.9753915717	0.0000000000	-1.3910896807	3.9753915717	0.0000000000	-1.3910896807	0.0000000000	3.9753915717	-1.3910896807	-0.0000000000	-3.9753915717	-1.3910896807
1.2000000000	-0.0000000000	-0.0000000000	0.1105016777	-3.9753910928	0.0000000000	-1.3910890682	3.9753910928	0.0000000000	-1.3910890682	0.0000000000	3.9753910928	-1.3910890682	-0.0000000000	-3.9753910928	-1.3910890682
1.3000000000	0.0000000000	-0.0000000000	0.1105017448	-3.9753909935	0.0000000000	-1.3910889740	3.9753909935	0.0000000000	-1.3910889740	-0.0000000000	3.9753909935	-1.3910889740	0.0000000000	-3.9753909935	-1.3910889740
1.4000000000	0.0000000000	-0.0000000000	0.1105017522	-3.9753909769	-0.0000000000	-1.3910889619	3.9753909769	-0.0000000000	-1.3910889619	-0.0000000000	3.9753909769	-1.3910889619	0.0000000000	-3.9753909769	-1.3910889619
1.5000000000	0.0000000000	0.0000000000	0.1105017529	-3.9753909746	-0.0000000000	-1.3910889606	3.9753909746	-0.0000000000	-1.3910889606	0.0000000000	3.9753909746	-1.3910889606	0.0000000000	-3.9753909746	-1.3910889606
1.6000000000	-0.0000000000	-0.0000000000	0.1105017529	-3.9753909743	-0.0000000000	-1.3910889605	3.9753909743	-0.0000000000	-1.3910889605	-0.0000000000	3.9753909743	-1.3910889605	-0.0000000000	-3.9753909743	-1.3910889605
1.7000000000	-0.0000000000	0.0000000000	0.1105017529	-3.9753909743	-0.0000000000	-1.3910889605	3.9753909743	-0.0000000000	-1.3910889605	-0.0000000000	3.9753909743	-1.3910889605	0.0000000000	-3.9753909743	-1.3910889605
1.8000000000	0.0000000000	0.0000000000	0.1105017529	-3.9753909743	0.0000000000	-1.3910889605	3.9753909743	0.0000000000	-1.3910889605	0.0000000000	3.9753909743	-1.3910889605	-0.0000000000	-3.9753909743	-1.3910889605
1.9000000000	0.0000000000	0.0000000000	0.1105017529	-3.9753909743	-0.0000000000	-1.3910889604	3.9753909743	-0.0000000000	-1.3910889604	0.0000000000	3.9753909743	-1.3910889604	-0.0000000000	-3.9753909743	-1.3910889604
2.0000000000	0.0000000000	0.0000000000	0.1105017522	-3.9753909743	0.0000000000	-1.3910889598	3.9753909743	0.0000000000	-1.3910889598	-0.0000000000	3.9753909743	-1.3910889598	0.0000000000	-3.9753909743	-1.3910889598
2.1000000000	-0.0000000000	0.0000000000	0.1105017480	-3.9753909743	0.0000000000	-1.3910889559	3.9753909743	0.0000000000	-1.3910889559	-0.0000000000	3.9753909743	-1.3910889559	0.0000000000	-3.9753909743	-1.3910889559
2.2000000000	-0.0000000000	-0.0000000000	0.1105017250	-3.9753909743	0.0000000000	-1.3910889352	3.9753909743	0.0000000000	-1.3910889352	0.0000000000	3.9753909743	-1.3910889352	-0.0000000000	-3.9753909743	-1.3910889352
2.3000000000	0.0000000000	0.0000000000	0.1105016253	-3.9753909743	0.0000000000	-1.3910888469	3.9753909743	0.0000000000	-1.3910888469	0.0000000000	3.9753909743	-1.3910888469	-0.0000000000	-3.9753909743	-1.3910888469
2.4000000000	0.0000000000	-0.0000000000	0.1105012639	-3.9753909744	0.0000000000	-1.3910885322	3.9753909744	0.0000000000	-1.3910885322	0.0000000000	3.9753909744	-1.3910885322	0.0000000000	-3.9753909744	-1.3910885322
2.5000000000	0.0000000000	0.0000000000	0.1105001391	-3.9753909748	-0.0000000000	-1.3910875699	3.9753909748	-0.0000000000	-1.3910875699	-0.0000000000	3.9753909748	-1.3910875699	0.0000000000	-3.9753909748	-1.3910875699
2.6000000000	-0.0000000000	0.0000000000	0.1104970628	-3.9753909766	-0.0000000000	-1.3910849842	3.9753909766	0.0000000000	-1.3910849842	-0.0000000000	3.9753909766	-1.3910849842	-0.0000000000	-3.9753909766	-1.3910849842
2.7000000000	-0.0000000000	-0.0000000000	0.1104895312	-3.9753909832	-0.0000000000	-1.3910787651	3.9753909832	-0.0000000000	-1.3910787651	-0.0000000000	3.9753909832	-1.3910787651	-0.0000000000	-3.9753909832	-1.3910787651
2.8000000000	0.0000000000	0.0000000000	0.1104727644	-3.9753910045	-0.0000000000	-1.3910651666	3.9753910045	-0.0000000000	-1.3910651666	0.0000000000	3.9753910045	-1.3910651666	0.0000000000	-3.9753910045	-1.3910651666
2.9000000000	0.0000000000	-0.0000000000	0.1104383783	-3.9753910654	-0.0000000000	-1.3910377821	3.9753910654	-0.0000000000	-1.3910377821	-0.0000000000	3.9753910654	-1.3910377821	0.0000000000	-3.9753910654	-1.3910377821
3.0000000000	0.0000000000	0.0000000000	0.1103726981	-3.9753912224	0.0000000000	-1.3909864414	3.9753912224	0.0000000000	-1.3909864414	0.0000000000	3.9753912224	-1.3909864414	-0.0000000000	-3.9753912224	-1.3909864414
3.1000000000	-0.0000000000	0.0000000000	0.1102547723	-3.9753915927	0.0000000000	-1.3908960086	3.9753915927	0.0000000000	-1.3908960086	0.0000000000	3.9753915927	-1.3908960086	0.0000000000	-3.9753915927	-1.3908960086
3.2000000000	0.0000000000	0.0000000000	0.1100541872	-3.9753924000	0.0000000000	-1.3907451913	3.9753924000	0.0000000000	-1.3907451913	-0.0000000000	3.9753924000	-1.3907451913	0.0000000000	-3.9753924000	-1.3907451913
3.3000000000	-0.0000000000	-0.0000000000	0.1097288093	-3.9753940438	-0.0000000000	-1.3905054808	3.9753940438	-0.0000000000	-1.3905054808	-0.0000000000	3.9753940438	-1.3905054808	0.0000000000	-3.9753940438	-1.3905054808
3.4000000000	-0.0000000000	0.0000000000	0.1092225902	-3.9753971951	0.0000000000	-1.3901403351	3.9753971951	-0.0000000000	-1.3901403351	-0.0000000000	3.9753971951	-1.3901403351	0.0000000000	-3.9753971951	-1.3901403351
3.5000000000	-0.0000000000	0.0000000000	0.1084635599	-3.9754029225	-0.0000000000	-1.3896046939	3.9754029225	-0.0000000000	-1.3896046939	0.0000000000	3.9754029225	-1.3896046939	0.0000000000	-3.9754029225	-1.3896046939
3.6000000000	0.0000000000	0.0000000000	0.1073621137	-3.9754128506	0.0000000000	-1.3888448861	3.9754128506	0.0000000000	-1.3888448861	0.0000000000	3.9754128506	-1.3888448861	-0.0000000000	-3.9754128506	-1.3888448861
3.7000000000	-0.0000000000	0.0000000000	0.1058096679	-3.9754293481	0.0000000000	-1.3877989527	3.9754293481	0.0000000000	-1.3877989527	0.0000000000	3.9754293481	-1.3877989527	-0.0000000000	-3.9754293481	-1.3877989527
3.8000000000	-0.0000000000	0.0000000000	0.1036777298	-3.9754557443	0.0000000000	-1.3863973772	3.9754557443	0.0000000000	-1.3863973772	-0.0000000000	3.9754557443	-1.3863973772	0.0000000000	-3.9754557443	-1.3863973772
3.9000000000	0.0000000000	-0.0000000000	0.1008173969	-3.9754965657	-0.0000000000	-1.3845641864	3.9754965657	0.0000000000	-1.3845641864	-0.0000000000	3.9754965657	-1.3845641864	0.0000000000	-3.9754965657	-1.3845641864
4.0000000000	0.0000000000	-0.0000000000	0.0970592746	-3.9755577873	0.0000000000	-1.3822183646	3.9755577873	0.0000000000	-1.3822183646	-0.0000000000	3.9755577873	-1.3822183646	-0.0000000000	-3.9755577873	-1.3822183646
4.1000000000	-0.0000000000	-0.0000000000	0.0922137818	-3.9756470868	-0.0000000000	-1.3792755093	3.9756470868	-0.0000000000	-1.3792755093	-0.0000000000	3.9756470868	-1.3792755093	0.0000000000	-3.9756470868	-1.3792755093
4.2000000000	-0.0000000000	-0.0000000000	0.0860718000	-3.9757740937	0.0000000000	-1.3756496500	3.9757740937	0.0000000000	-1.3756496500	-0.0000000000	3.9757740937	-1.3756496500	0.0000000000	-3.9757740937	-1.3756496500
4.3000000000	-0.0000000000	0.0000000000	0.0784056128	-3.9759506196	0.0000000000	-1.3712551522	3.9759506196	0.0000000000	-1.3712551522	-0.0000000000	3.9759506196	-1.3712551522	0.0000000000	-3.9759506196	-1.3712551522
4.4000000000	-0.0000000000	-0.0000000000	0.0689700783	-3.9761908630	0.0000000000	-1.3660086308	3.9761908630	0.0000000000	-1.3660086308	-0.0000000000	3.9761908630	-1.3660086308	0.0000000000	-3.9761908630	-1.3660086308
4.5000000000	-0.0000000000	-0.0000000000	0.0575039782	-3.9765115751	-0.0000000000	-1.3598308061	3.9765115751	-0.0000000000	-1.3598308061	0.0000000000	3.9765115751	-1.3598308061	-0.0000000000	-3.9765115751	-1.3598308061
4.6000000000	-0.0000000000	-0.0000000000	0.0437314892	-3.9769321808	0.0000000000	-1.3526482447	3.9769321808	0.0000000000	-1.3526482447	-0.0000000000	3.9769321808	-1.3526482447	-0.0000000000	-3.9769321808	-1.3526482447
4.7000000000	-0.0000000000	-0.0000000000	0.0273637280	-3.9774748474	0.0000000000	-1.3443949373	3.9774748474	-0.0000000000	-1.3443949373	0.0000000000	3.9774748474	-1.3443949373	-0.0000000000	-3.9774748474	-1.3443949373
4.8000000000	-0.0000000000	-0.0000000000	0.0081003267	-3.9781644943	0.0000000000	-1.3350136782	3.9781644943	0.0000000000	-1.3350136782	0.0000000000	3.9781644943	-1.3350136782	0.0000000000	-3.9781644943	-1.3350136782
4.9000000000	-0.0000000000	-0.0000000000	-0.0143689980	-3.9790287431	0.0000000000	-1.3244572204	3.9790287431	0.0000000000	-1.3244572204	-0.0000000000	3.9790287431	-1.3244572204	-0.0000000000	-3.9790287431	-1.3244572204
