#real_cutoff=2
#reciprocal_cutoff=7
alpha	0x	0y	0z	1x	1y	1z	2x	2y	2z	3x	3y	3z	4x	4y	4z
0.1000000000	0.0000000000	0.0000000000	0.1337527557	-3.9754849005	0.0000000000	-1.3677819193	3.9754849005	0.0000000000	-1.3677819193	0.0000000000	3.9754849005	-1.3677819193	-0.0000000000	-3.9754849005	-1.3677819193
0.2000000000	-0.0000000000	-0.0000000000	0.1224989354	-3.9754707637	-0.0000000000	-1.3790164541	3.9754707637	-0.0000000000	-1.3790164541	-0.0000000000	3.9754707637	-1.3790164541	-0.0000000000	-3.9754707637	-1.3790164541
0.3000000000	-0.0000000000	-0.0000000000	0.1132438477	-3.9754460637	0.0000000000	-1.3882700881	3.9754460637	0.0000000000	-1.3882700881	0.0000000000	3.9754460637	-1.3882700881	-0.0000000000	-3.9754460637	-1.3882700881
0.4000000000	-0.0000000000	0.0000000000	0.1105045983	-3.9754350928	0.0000000000	-1.3910431959	3.9754350928	-0.0000000000	-1.3910431959	-0.0000000000	3.9754350928	-1.3910431959	0.0000000000	-3.9754350928	-1.3910431959
0.5000000000	-0.0000000000	-0.0000000000	0.1102001974	-3.9754334389	0.0000000000	-1.3913643439	3.9754334389	0.0000000000	-1.3913643439	0.0000000000	3.9754334389	-1.3913643439	-0.0000000000	-3.9754334389	-1.3913643439
0.6000000000	-0.0000000000	0.0000000000	0.1102443308	-3.9754307971	-0.0000000000	-1.3913287530	3.9754307971	-0.0000000000	-1.3913287530	-0.0000000000	3.9754307971	-1.3913287530	0.0000000000	-3.9754307971	-1.3913287530
0.7000000000	0.0000000000	0.0000000000	0.1103538362	-3.9754217529	-0.0000000000	-1.3912301038	3.9754217529	-0.0000000000	-1.3912301038	0.0000000000	3.9754217529	-1.3912301038	-0.0000000000	-3.9754217529	-1.3912301038
0.8000000000	0.0000000000	-0.0000000000	0.1104435644	-3.9754087296	0.0000000000	-1.3911467895	3.9754087296	0.0000000000	-1.3911467895	0.0000000000	3.9754087296	-1.3911467895	0.0000000000	-3.9754087296	-1.3911467895
0.9000000000	0.0000000000	0.0000000000	0.1104853771	-3.9753985082	0.0000000000	-1.3911062330	3.9753985082	0.0000000000	-1.3911062330	0.0000000000	3.9753985082	-1.3911062330	-0.0000000000	-3.9753985082	-1.3911062330
1.0000000000	-0.0000000000	-0.0000000000	0.1104982947	-3.9753933814	-0.0000000000	-1.3910929120	3.9753933814	0.0000000000	-1.3910929120	-0.0000000000	3.9753933814	-1.3910929120	-0.0000000000	-3.9753933814	-1.3910929120
1.1000000000	-0.0000000000	0.0000000000	0.1105011835	-3.9753915717	0.0000000000	-1.3910896807	3.9753915717	0.0000000000	-1.3910896807	0.0000000000	3.9753915717	-1.3910896807	-0.0000000000	-3.9753915717	-1.3910896807
1.2000000000	-0.0000000000	-0.0000000000	0.1105016777	-3.9753910928	0.0000000000	-1.3910890682	3.9753910928	0.0000000000	-1.3910890682	0.0000000000	3.9753910928	-1.3910890682	-0.0000000000	-3.9753910928	-1.3910890682
1.3000000000	0.0000000000	-0.0000000000	0.1105017448	-3.9753909935	0.0000000000	-1.3910889740	3.9753909935	0.0000000000	-1.3910889740	-0.0000000000	3.9753909935	-1.3910889740	0.0000000000	-3.9753909935	-1.3910889740
1.4000000000	0.0000000000	-0.0000000000	0.1105017522	-3.9753909769	-0.0000000000	-1.3910889619	3.9753909769	-0.0000000000	-1.3910889619	-0.0000000000	3.9753909769	-1.3910889619	0.0000000000	-3.9753909769	-1.3910889619
1.5000000000	0.0000000000	0.0000000000	0.1105017529	-3.9753909746	-0.0000000000	-1.3910889606	3.9753909746	-0.0000000000	-1.3910889606	0.0000000000	3.9753909746	-1.3910889606	0.0000000000	-3.9753909746	-1.3910889606
1.6000000000	0.0000000000	-0.0000000000	0.1105017529	-3.9753909743	-0.0000000000	-1.3910889605	3.9753909743	-0.0000000000	-1.3910889605	-0.0000000000	3.9753909743	-1.3910889605	0.0000000000	-3.9753909743	-1.3910889605
1.7000000000	0.0000000000	-0.0000000000	0.1105017529	-3.9753909743	-0.0000000000	-1.3910889605	3.9753909743	-0.0000000000	-1.3910889605	-0.0000000000	3.9753909743	-1.3910889605	0.0000000000	-3.9753909743	-1.3910889605
1.8000000000	0.0000000000	0.0000000000	0.1105017529	-3.9753909743	-0.0000000000	-1.3910889605	3.9753909743	-0.0000000000	-1.3910889605	0.0000000000	3.9753909743	-1.3910889605	-0.0000000000	-3.9753909743	-1.3910889605
1.9000000000	0.0000000000	0.0000000000	0.1105017529	-3.9753909743	-0.0000000000	-1.3910889605	3.9753909743	-0.0000000000	-1.3910889605	0.0000000000	3.9753909743	-1.3910889605	-0.0000000000	-3.9753909743	-1.3910889605
2.0000000000	-0.0000000000	-0.0000000000	0.1105017529	-3.9753909743	0.0000000000	-1.3910889605	3.9753909743	0.0000000000	-1.3910889605	-0.0000000000	3.9753909743	-1.3910889605	0.0000000000	-3.9753909743	-1.3910889605
2.1000000000	-0.0000000000	-0.0000000000	0.1105017529	-3.9753909743	0.0000000000	-1.3910889605	3.9753909743	0.0000000000	-1.3910889605	-0.0000000000	3.9753909743	-1.3910889605	0.0000000000	-3.9753909743	-1.3910889605
2.2000000000	-0.0000000000	-0.0000000000	0.1105017529	-3.9753909743	0.0000000000	-1.3910889605	3.9753909743	0.0000000000	-1.3910889605	0.0000000000	3.9753909743	-1.3910889605	-0.0000000000	-3.9753909743	-1.3910889605
2.3000000000	0.0000000000	0.0000000000	0.1105017529	-3.9753909743	0.0000000000	-1.3910889605	3.9753909743	0.0000000000	-1.3910889605	0.0000000000	3.9753909743	-1.3910889605	-0.0000000000	-3.9753909743	-1.3910889605
2.4000000000	-0.0000000000	-0.0000000000	0.1105017529	-3.9753909743	0.0000000000	-1.3910889605	3.9753909743	0.0000000000	-1.3910889605	-0.0000000000	3.9753909743	-1.3910889605	0.0000000000	-3.9753909743	-1.3910889605
2.5000000000	0.0000000000	0.0000000000	0.1105017529	-3.9753909743	-0.0000000000	-1.3910889604	3.9753909743	-0.0000000000	-1.3910889604	-0.0000000000	3.9753909743	-1.3910889604	0.0000000000	-3.9753909743	-1.3910889604
2.6000000000	0.0000000000	0.0000000000	0.1105017526	-3.9753909743	-0.0000000000	-1.3910889603	3.9753909743	-0.0000000000	-1.3910889603	-0.0000000000	3.9753909743	-1.3910889603	-0.0000000000	-3.9753909743	-1.3910889603
2.7000000000	-0.0000000000	-0.0000000000	0.1105017510	-3.9753909744	-0.0000000000	-1.3910889597	3.9753909744	-0.0000000000	-1.3910889597	-0.0000000000	3.9753909744	-1.3910889597	-0.0000000000	-3.9753909744	-1.3910889597
2.8000000000	0.0000000000	0.0000000000	0.1105017446	-3.9753909749	-0.0000000000	-1.3910889571	3.9753909749	-0.0000000000	-1.3910889571	-0.0000000000	3.9753909749	-1.3910889571	-0.0000000000	-3.9753909749	-1.3910889571
2.9000000000	0.0000000000	0.0000000000	0.1105017212	-3.9753909767	0.0000000000	-1.3910889478	3.9753909767	0.0000000000	-1.3910889478	-0.0000000000	3.9753909767	-1.3910889478	0.0000000000	-3.9753909767	-1.3910889478
3.0000000000	-0.0000000000	0.0000000000	0.1105016466	-3.9753909827	0.0000000000	-1.3910889190	3.9753909827	0.0000000000	-1.3910889190	0.0000000000	3.9753909827	-1.3910889190	-0.0000000000	-3.9753909827	-1.3910889190
3.1000000000	-0.0000000000	0.0000000000	0.1105014341	-3.9753910008	0.0000000000	-1.3910888385	3.9753910008	0.0000000000	-1.3910888385	0.0000000000	3.9753910008	-1.3910888385	-0.0000000000	-3.9753910008	-1.3910888385
3.2000000000	0.0000000000	-0.0000000000	0.1105008847	-3.9753910500	-0.0000000000	-1.3910886354	3.9753910500	-0.0000000000	-1.3910886354	-0.0000000000	3.9753910500	-1.3910886354	0.0000000000	-3.9753910500	-1.3910886354
3.3000000000	-0.0000000000	-0.0000000000	0.1104995813	-3.9753911724	-0.0000000000	-1.3910881655	3.9753911724	-0.0000000000	-1.3910881655	-0.0000000000	3.9753911724	-1.3910881655	0.0000000000	-3.9753911724	-1.3910881655
3.4000000000	0.0000000000	0.0000000000	0.1104967146	-3.9753914536	0.0000000000	-1.3910871593	3.9753914536	0.0000000000	-1.3910871593	-0.0000000000	3.9753914536	-1.3910871593	0.0000000000	-3.9753914536	-1.3910871593
3.5000000000	-0.0000000000	-0.0000000000	0.1104908189	-3.9753920559	-0.0000000000	-1.3910851479	3.9753920559	-0.0000000000	-1.3910851479	-0.0000000000	3.9753920559	-1.3910851479	0.0000000000	-3.9753920559	-1.3910851479
3.6000000000	0.0000000000	-0.0000000000	0.1104793950	-3.9753932683	-0.0000000000	-1.3910813660	3.9753932683	0.0000000000	-1.3910813660	0.0000000000	3.9753932683	-1.3910813660	-0.0000000000	-3.9753932683	-1.3910813660
3.7000000000	-0.0000000000	-0.0000000000	0.1104584031	-3.9753955772	0.0000000000	-1.3910746348	3.9753955772	0.0000000000	-1.3910746348	0.0000000000	3.9753955772	-1.3910746348	-0.0000000000	-3.9753955772	-1.3910746348
3.8000000000	0.0000000000	-0.0000000000	0.1104216164	-3.9753997614	0.0000000000	-1.3910632297	3.9753997614	0.0000000000	-1.3910632297	0.0000000000	3.9753997614	-1.3910632297	0.0000000000	-3.9753997614	-1.3910632297
3.9000000000	0.0000000000	-0.0000000000	0.1103598330	-3.9754070132	-0.0000000000	-1.3910447435	3.9754070132	0.0000000000	-1.3910447435	-0.0000000000	3.9754070132	-1.3910447435	0.0000000000	-3.9754070132	-1.3910447435
4.0000000000	0.0000000000	-0.0000000000	0.1102599566	-3.9754190860	0.0000000000	-1.3910159575	3.9754190860	0.0000000000	-1.3910159575	-0.0000000000	3.9754190860	-1.3910159575	0.0000000000	-3.9754190860	-1.3910159575
4.1000000000	-0.0000000000	-0.0000000000	0.1101039643	-3.9754384669	-0.0000000000	-1.3909727329	3.9754384669	-0.0000000000	-1.3909727329	-0.0000000000	3.9754384669	-1.3909727329	0.0000000000	-3.9754384669	-1.3909727329
4.2000000000	0.0000000000	-0.0000000000	0.1098677896	-3.9754685697	-0.0000000000	-1.3909099389	3.9754685697	-0.0000000000	-1.3909099389	-0.0000000000	3.9754685697	-1.3909099389	0.0000000000	-3.9754685697	-1.3909099389
4.3000000000	0.0000000000	-0.0000000000	0.1095201520	-3.9755139435	0.0000000000	-1.3908214271	3.9755139435	0.0000000000	-1.3908214271	0.0000000000	3.9755139435	-1.3908214271	0.0000000000	-3.9755139435	-1.3908214271
4.4000000000	0.0000000000	-0.0000000000	0.1090213723	-3.9755804878	-0.0000000000	-1.3907000640	3.9755804878	-0.0000000000	-1.3907000640	-0.0000000000	3.9755804878	-1.3907000640	0.0000000000	-3.9755804878	-1.3907000640
4.5000000000	-0.0000000000	-0.0000000000	0.1083222085	-3.9756756666	-0.0000000000	-1.3905378258	3.9756756666	0.0000000000	-1.3905378258	0.0000000000	3.9756756666	-1.3905378258	-0.0000000000	-3.9756756666	-1.3905378258
4.6000000000	-0.0000000000	-0.0000000000	0.1073627502	-3.9758087109	-0.0000000000	-1.3903259564	3.9758087109	-0.0000000000	-1.3903259564	0.0000000000	3.9758087109	-1.3903259564	0.0000000000	-3.9758087109	-1.3903259564
4.7000000000	0.0000000000	-0.0000000000	0.1060714017	-3.9759908003	0.0000000000	-1.3900551870	3.9759908003	0.0000000000	-1.3900551870	0.0000000000	3.9759908003	-1.3900551870	-0.0000000000	-3.9759908003	-1.3900551870
4.8000000000	0.0000000000	0.0000000000	0.1043639819	-3.9762352145	0.0000000000	-1.3897160088	3.9762352145	0.0000000000	-1.3897160088	-0.0000000000	3.9762352145	-1.3897160088	0.0000000000	-3.9762352145	-1.3897160088
4.9000000000	-0.0000000000	-0.0000000000	0.1021429619	-3.9765574463	-0.0000000000	-1.3892989883	3.9765574463	0.0000000000	-1.3892989883	0.0000000000	3.9765574463	-1.3892989883	-0.0000000000	-3.9765574463	-1.3892989883
