#real_cutoff=2
#reciprocal_cutoff=8
alpha	0x	0y	0z	1x	1y	1z	2x	2y	2z	3x	3y	3z	4x	4y	4z
0.1000000000	0.0000000000	0.0000000000	0.1337527557	-3.9754849005	0.0000000000	-1.3677819193	3.9754849005	0.0000000000	-1.3677819193	0.0000000000	3.9754849005	-1.3677819193	-0.0000000000	-3.9754849005	-1.3677819193
0.2000000000	-0.0000000000	-0.0000000000	0.1224989354	-3.9754707637	-0.0000000000	-1.3790164541	3.9754707637	-0.0000000000	-1.3790164541	-0.0000000000	3.9754707637	-1.3790164541	-0.0000000000	-3.9754707637	-1.3790164541
0.3000000000	-0.0000000000	-0.0000000000	0.1132438477	-3.9754460637	0.0000000000	-1.3882700881	3.9754460637	0.0000000000	-1.3882700881	0.0000000000	3.9754460637	-1.3882700881	-0.0000000000	-3.9754460637	-1.3882700881
0.4000000000	-0.0000000000	0.0000000000	0.1105045983	-3.9754350928	0.0000000000	-1.3910431959	3.9754350928	-0.0000000000	-1.3910431959	-0.0000000000	3.9754350928	-1.3910431959	0.0000000000	-3.9754350928	-1.3910431959
0.5000000000	-0.0000000000	-0.0000000000	0.1102001974	-3.9754334389	0.0000000000	-1.3913643439	3.9754334389	0.0000000000	-1.3913643439	0.0000000000	3.9754334389	-1.3913643439	-0.0000000000	-3.9754334389	-1.3913643439
0.6000000000	-0.0000000000	0.0000000000	0.1102443308	-3.9754307971	-0.0000000000	-1.3913287530	3.9754307971	-0.0000000000	-1.3913287530	-0.0000000000	3.9754307971	-1.3913287530	0.0000000000	-3.9754307971	-1.3913287530
0.7000000000	0.0000000000	0.0000000000	0.1103538362	-3.9754217529	-0.0000000000	-1.3912301038	3.9754217529	-0.0000000000	-1.3912301038	0.0000000000	3.9754217529	-1.3912301038	-0.0000000000	-3.9754217529	-1.3912301038
0.8000000000	0.0000000000	-0.0000000000	0.1104435644	-3.9754087296	0.0000000000	-1.3911467895	3.9754087296	0.0000000000	-1.3911467895	0.0000000000	3.9754087296	-1.3911467895	0.0000000000	-3.9754087296	-1.3911467895
0.9000000000	0.0000000000	0.0000000000	0.1104853771	-3.9753985082	0.0000000000	-1.3911062330	3.9753985082	0.0000000000	-1.3911062330	0.0000000000	3.9753985082	-1.3911062330	-0.0000000000	-3.9753985082	-1.3911062330
1.0000000000	-0.0000000000	-0.0000000000	0.1104982947	-3.9753933814	-0.0000000000	-1.3910929120	3.9753933814	0.0000000000	-1.3910929120	-0.0000000000	3.9753933814	-1.3910929120	-0.0000000000	-3.9753933814	-1.3910929120
1.1000000000	-0.0000000000	0.0000000000	0.1105011835	-3.9753915717	0.0000000000	-1.3910896807	3.9753915717	0.0000000000	-1.3910896807	0.0000000000	3.9753915717	-1.3910896807	-0.0000000000	-3.9753915717	-1.3910896807
1.2000000000	-0.0000000000	-0.0000000000	0.1105016777	-3.9753910928	0.0000000000	-1.3910890682	3.9753910928	0.0000000000	-1.3910890682	0.0000000000	3.9753910928	-1.3910890682	-0.0000000000	-3.9753910928	-1.3910890682
1.3000000000	0.0000000000	-0.0000000000	0.1105017448	-3.9753909935	0.0000000000	-1.3910889740	3.9753909935	0.0000000000	-1.3910889740	-0.0000000000	3.9753909935	-1.3910889740	0.0000000000	-3.9753909935	-1.3910889740
1.4000000000	0.0000000000	-0.0000000000	0.1105017522	-3.9753909769	-0.0000000000	-1.3910889619	3.9753909769	-0.0000000000	-1.3910889619	-0.0000000000	3.9753909769	-1.3910889619	0.0000000000	-3.9753909769	-1.3910889619
1.5000000000	0.0000000000	0.0000000000	0.1105017529	-3.9753909746	-0.0000000000	-1.3910889606	3.9753909746	-0.0000000000	-1.3910889606	0.0000000000	3.9753909746	-1.3910889606	0.0000000000	-3.9753909746	-1.3910889606
1.6000000000	0.0000000000	-0.0000000000	0.1105017529	-3.9753909743	-0.0000000000	-1.3910889605	3.9753909743	-0.0000000000	-1.3910889605	-0.0000000000	3.9753909743	-1.3910889605	0.0000000000	-3.9753909743	-1.3910889605
1.7000000000	0.0000000000	-0.0000000000	0.1105017529	-3.9753909743	-0.0000000000	-1.3910889605	3.9753909743	-0.0000000000	-1.3910889605	-0.0000000000	3.9753909743	-1.3910889605	0.0000000000	-3.9753909743	-1.3910889605
1.8000000000	0.0000000000	0.0000000000	0.1105017529	-3.9753909743	-0.0000000000	-1.3910889605	3.9753909743	-0.0000000000	-1.3910889605	0.0000000000	3.9753909743	-1.3910889605	-0.0000000000	-3.9753909743	-1.3910889605
1.9000000000	0.0000000000	0.0000000000	0.1105017529	-3.9753909743	-0.0000000000	-1.3910889605	3.9753909743	-0.0000000000	-1.3910889605	0.0000000000	3.9753909743	-1.3910889605	-0.0000000000	-3.9753909743	-1.3910889605
2.0000000000	-0.0000000000	-0.0000000000	0.1105017529	-3.9753909743	0.0000000000	-1.3910889605	3.9753909743	0.0000000000	-1.3910889605	-0.0000000000	3.9753909743	-1.3910889605	0.0000000000	-3.9753909743	-1.3910889605
2.1000000000	-0.0000000000	-0.0000000000	0.1105017529	-3.9753909743	0.0000000000	-1.3910889605	3.9753909743	0.0000000000	-1.3910889605	-0.0000000000	3.9753909743	-1.3910889605	0.0000000000	-3.9753909743	-1.3910889605
2.2000000000	-0.0000000000	-0.0000000000	0.1105017529	-3.9753909743	0.0000000000	-1.3910889605	3.9753909743	0.0000000000	-1.3910889605	-0.0000000000	3.9753909743	-1.3910889605	-0.0000000000	-3.9753909743	-1.3910889605
2.3000000000	0.0000000000	0.0000000000	0.1105017529	-3.9753909743	0.0000000000	-1.3910889605	3.9753909743	0.0000000000	-1.3910889605	0.0000000000	3.9753909743	-1.3910889605	0.0000000000	-3.9753909743	-1.3910889605
2.4000000000	-0.0000000000	-0.0000000000	0.1105017529	-3.9753909743	0.0000000000	-1.3910889605	3.9753909743	0.0000000000	-1.3910889605	-0.0000000000	3.9753909743	-1.3910889605	0.0000000000	-3.9753909743	-1.3910889605
2.5000000000	0.0000000000	0.0000000000	0.1105017529	-3.9753909743	0.0000000000	-1.3910889605	3.9753909743	0.0000000000	-1.3910889605	-0.0000000000	3.9753909743	-1.3910889605	0.0000000000	-3.9753909743	-1.3910889605
2.6000000000	-0.0000000000	0.0000000000	0.1105017529	-3.9753909743	-0.0000000000	-1.3910889605	3.9753909743	-0.0000000000	-1.3910889605	0.0000000000	3.9753909743	-1.3910889605	-0.0000000000	-3.9753909743	-1.3910889605
2.7000000000	-0.0000000000	-0.0000000000	0.1105017529	-3.9753909743	0.0000000000	-1.3910889605	3.9753909743	0.0000000000	-1.3910889605	-0.0000000000	3.9753909743	-1.3910889605	-0.0000000000	-3.9753909743	-1.3910889605
2.8000000000	-0.0000000000	0.0000000000	0.1105017529	-3.9753909743	0.0000000000	-1.3910889605	3.9753909743	0.0000000000	-1.3910889605	0.0000000000	3.9753909743	-1.3910889605	0.0000000000	-3.9753909743	-1.3910889605
2.9000000000	-0.0000000000	-0.0000000000	0.1105017526	-3.9753909743	0.0000000000	-1.3910889605	3.9753909743	0.0000000000	-1.3910889605	-0.0000000000	3.9753909743	-1.3910889605	0.0000000000	-3.9753909743	-1.3910889605
3.0000000000	0.0000000000	0.0000000000	0.1105017515	-3.9753909744	0.0000000000	-1.3910889605	3.9753909744	0.0000000000	-1.3910889605	0.0000000000	3.9753909744	-1.3910889605	-0.0000000000	-3.9753909744	-1.3910889605
3.1000000000	-0.0000000000	0.0000000000	0.1105017473	-3.9753909748	0.0000000000	-1.3910889605	3.9753909748	0.0000000000	-1.3910889605	0.0000000000	3.9753909748	-1.3910889605	0.0000000000	-3.9753909748	-1.3910889605
3.2000000000	0.0000000000	-0.0000000000	0.1105017334	-3.9753909761	0.0000000000	-1.3910889606	3.9753909761	0.0000000000	-1.3910889606	-0.0000000000	3.9753909761	-1.3910889606	0.0000000000	-3.9753909761	-1.3910889606
3.3000000000	-0.0000000000	-0.0000000000	0.1105016916	-3.9753909801	0.0000000000	-1.3910889609	3.9753909801	-0.0000000000	-1.3910889609	-0.0000000000	3.9753909801	-1.3910889609	0.0000000000	-3.9753909801	-1.3910889609
3.4000000000	-0.0000000000	0.0000000000	0.1105015782	-3.9753909914	0.0000000000	-1.3910889620	3.9753909914	0.0000000000	-1.3910889620	-0.0000000000	3.9753909914	-1.3910889620	0.0000000000	-3.9753909914	-1.3910889620
3.5000000000	0.0000000000	-0.0000000000	0.1105012951	-3.9753910209	-0.0000000000	-1.3910889653	3.9753910209	-0.0000000000	-1.3910889653	-0.0000000000	3.9753910209	-1.3910889653	0.0000000000	-3.9753910209	-1.3910889653
3.6000000000	0.0000000000	-0.0000000000	0.1105006402	-3.9753910915	0.0000000000	-1.3910889745	3.9753910915	0.0000000000	-1.3910889745	0.0000000000	3.9753910915	-1.3910889745	-0.0000000000	-3.9753910915	-1.3910889745
3.7000000000	-0.0000000000	-0.0000000000	0.1104992244	-3.9753912495	0.0000000000	-1.3910889981	3.9753912495	0.0000000000	-1.3910889981	0.0000000000	3.9753912495	-1.3910889981	-0.0000000000	-3.9753912495	-1.3910889981
3.8000000000	0.0000000000	-0.0000000000	0.1104963426	-3.9753915813	0.0000000000	-1.3910890540	3.9753915813	0.0000000000	-1.3910890540	0.0000000000	3.9753915813	-1.3910890540	0.0000000000	-3.9753915813	-1.3910890540
3.9000000000	-0.0000000000	-0.0000000000	0.1104907864	-3.9753922399	0.0000000000	-1.3910891779	3.9753922399	-0.0000000000	-1.3910891779	-0.0000000000	3.9753922399	-1.3910891779	0.0000000000	-3.9753922399	-1.3910891779
4.0000000000	-0.0000000000	-0.0000000000	0.1104805829	-3.9753934822	0.0000000000	-1.3910894363	3.9753934822	0.0000000000	-1.3910894363	0.0000000000	3.9753934822	-1.3910894363	0.0000000000	-3.9753934822	-1.3910894363
4.1000000000	-0.0000000000	-0.0000000000	0.1104626496	-3.9753957202	-0.0000000000	-1.3910899466	3.9753957202	-0.0000000000	-1.3910899466	-0.0000000000	3.9753957202	-1.3910899466	0.0000000000	-3.9753957202	-1.3910899466
4.2000000000	0.0000000000	-0.0000000000	0.1104323569	-3.9753995874	0.0000000000	-1.3910909061	3.9753995874	-0.0000000000	-1.3910909061	0.0000000000	3.9753995874	-1.3910909061	0.0000000000	-3.9753995874	-1.3910909061
4.3000000000	0.0000000000	-0.0000000000	0.1103829940	-3.9754060208	0.0000000000	-1.3910926309	3.9754060208	0.0000000000	-1.3910926309	0.0000000000	3.9754060208	-1.3910926309	-0.0000000000	-3.9754060208	-1.3910926309
4.4000000000	0.0000000000	0.0000000000	0.1103051393	-3.9754163596	-0.0000000000	-1.3910956077	3.9754163596	0.0000000000	-1.3910956077	0.0000000000	3.9754163596	-1.3910956077	-0.0000000000	-3.9754163596	-1.3910956077
4.5000000000	0.0000000000	-0.0000000000	0.1101859430	-3.9754324577	-0.0000000000	-1.3911005581	3.9754324577	-0.0000000000	-1.3911005581	0.0000000000	3.9754324577	-1.3911005581	-0.0000000000	-3.9754324577	-1.3911005581
4.6000000000	-0.0000000000	-0.0000000000	0.1100083324	-3.9754568083	-0.0000000000	-1.3911085155	3.9754568083	-0.0000000000	-1.3911085155	-0.0000000000	3.9754568083	-1.3911085155	0.0000000000	-3.9754568083	-1.3911085155
4.7000000000	0.0000000000	-0.0000000000	0.1097501573	-3.9754926755	0.0000000000	-1.3911209151	3.9754926755	0.0000000000	-1.3911209151	0.0000000000	3.9754926755	-1.3911209151	-0.0000000000	-3.9754926755	-1.3911209151
4.8000000000	0.0000000000	0.0000000000	0.1093832938	-3.9755442294	0.0000000000	-1.3911396925	3.9755442294	0.0000000000	-1.3911396925	0.0000000000	3.9755442294	-1.3911396925	-0.0000000000	-3.9755442294	-1.3911396925
4.9000000000	-0.0000000000	0.0000000000	0.1088727285	-3.9756166780	-0.0000000000	-1.3911673910	3.9756166780	0.0000000000	-1.3911673910	-0.0000000000	3.9756166780	-1.3911673910	-0.0000000000	-3.9756166780	-1.3911673910
