#real_cutoff=2
#reciprocal_cutoff=9
alpha	0x	0y	0z	1x	1y	1z	2x	2y	2z	3x	3y	3z	4x	4y	4z
0.1000000000	0.0000000000	0.0000000000	0.1337527557	-3.9754849005	0.0000000000	-1.3677819193	3.9754849005	0.0000000000	-1.3677819193	0.0000000000	3.9754849005	-1.3677819193	-0.0000000000	-3.9754849005	-1.3677819193
0.2000000000	-0.0000000000	-0.0000000000	0.1224989354	-3.9754707637	-0.0000000000	-1.3790164541	3.9754707637	-0.0000000000	-1.3790164541	-0.0000000000	3.9754707637	-1.3790164541	-0.0000000000	-3.9754707637	-1.3790164541
0.3000000000	-0.0000000000	-0.0000000000	0.1132438477	-3.9754460637	0.0000000000	-1.3882700881	3.9754460637	0.0000000000	-1.3882700881	0.0000000000	3.9754460637	-1.3882700881	-0.0000000000	-3.9754460637	-1.3882700881
0.4000000000	-0.0000000000	0.0000000000	0.1105045983	-3.9754350928	0.0000000000	-1.3910431959	3.9754350928	-0.0000000000	-1.3910431959	-0.0000000000	3.9754350928	-1.3910431959	0.0000000000	-3.9754350928	-1.3910431959
0.5000000000	-0.0000000000	-0.0000000000	0.1102001974	-3.9754334389	0.0000000000	-1.3913643439	3.9754334389	0.0000000000	-1.3913643439	0.0000000000	3.9754334389	-1.3913643439	-0.0000000000	-3.9754334389	-1.3913643439
0.6000000000	-0.0000000000	0.0000000000	0.1102443308	-3.9754307971	-0.0000000000	-1.3913287530	3.9754307971	-0.0000000000	-1.3913287530	-0.0000000000	3.9754307971	-1.3913287530	0.0000000000	-3.9754307971	-1.3913287530
0.7000000000	0.0000000000	0.0000000000	0.1103538362	-3.9754217529	-0.0000000000	-1.3912301038	3.9754217529	-0.0000000000	-1.3912301038	0.0000000000	3.9754217529	-1.3912301038	-0.0000000000	-3.9754217529	-1.3912301038
0.8000000000	0.0000000000	-0.0000000000	0.1104435644	-3.9754087296	0.0000000000	-1.3911467895	3.9754087296	0.0000000000	-1.3911467895	0.0000000000	3.9754087296	-1.3911467895	0.0000000000	-3.9754087296	-1.3911467895
0.9000000000	0.0000000000	0.0000000000	0.1104853771	-3.9753985082	0.0000000000	-1.3911062330	3.9753985082	0.0000000000	-1.3911062330	0.0000000000	3.9753985082	-1.3911062330	-0.0000000000	-3.9753985082	-1.3911062330
1.0000000000	-0.0000000000	-0.0000000000	0.1104982947	-3.9753933814	-0.0000000000	-1.3910929120	3.9753933814	0.0000000000	-1.3910929120	-0.0000000000	3.9753933814	-1.3910929120	-0.0000000000	-3.9753933814	-1.3910929120
1.1000000000	-0.0000000000	0.0000000000	0.1105011835	-3.9753915717	0.0000000000	-1.3910896807	3.9753915717	0.0000000000	-1.3910896807	0.0000000000	3.9753915717	-1.3910896807	-0.0000000000	-3.9753915717	-1.3910896807
1.2000000000	-0.0000000000	-0.0000000000	0.1105016777	-3.9753910928	0.0000000000	-1.3910890682	3.9753910928	0.0000000000	-1.3910890682	0.0000000000	3.9753910928	-1.3910890682	-0.0000000000	-3.9753910928	-1.3910890682
1.3000000000	0.0000000000	-0.0000000000	0.1105017448	-3.9753909935	0.0000000000	-1.3910889740	3.9753909935	0.0000000000	-1.3910889740	-0.0000000000	3.9753909935	-1.3910889740	0.0000000000	-3.9753909935	-1.3910889740
1.4000000000	0.0000000000	-0.0000000000	0.1105017522	-3.9753909769	-0.0000000000	-1.3910889619	3.9753909769	-0.0000000000	-1.3910889619	-0.0000000000	3.9753909769	-1.3910889619	0.0000000000	-3.9753909769	-1.3910889619
1.5000000000	0.0000000000	0.0000000000	0.1105017529	-3.9753909746	-0.0000000000	-1.3910889606	3.9753909746	-0.0000000000	-1.3910889606	0.0000000000	3.9753909746	-1.3910889606	0.0000000000	-3.9753909746	-1.3910889606
1.6000000000	0.0000000000	-0.0000000000	0.1105017529	-3.9753909743	-0.0000000000	-1.3910889605	3.9753909743	-0.0000000000	-1.3910889605	-0.0000000000	3.9753909743	-1.3910889605	0.0000000000	-3.9753909743	-1.3910889605
1.7000000000	0.0000000000	-0.0000000000	0.1105017529	-3.9753909743	-0.0000000000	-1.3910889605	3.9753909743	-0.0000000000	-1.3910889605	-0.0000000000	3.9753909743	-1.3910889605	0.0000000000	-3.9753909743	-1.3910889605
1.8000000000	0.0000000000	0.0000000000	0.1105017529	-3.9753909743	-0.0000000000	-1.3910889605	3.9753909743	-0.0000000000	-1.3910889605	0.0000000000	3.9753909743	-1.3910889605	-0.0000000000	-3.9753909743	-1.3910889605
1.9000000000	0.0000000000	0.0000000000	0.1105017529	-3.9753909743	-0.0000000000	-1.3910889605	3.9753909743	-0.0000000000	-1.3910889605	0.0000000000	3.9753909743	-1.3910889605	-0.0000000000	-3.9753909743	-1.3910889605
2.0000000000	-0.0000000000	-0.0000000000	0.1105017529	-3.9753909743	0.0000000000	-1.3910889605	3.9753909743	0.0000000000	-1.3910889605	-0.0000000000	3.9753909743	-1.3910889605	0.0000000000	-3.9753909743	-1.3910889605
2.1000000000	-0.0000000000	-0.0000000000	0.1105017529	-3.9753909743	0.0000000000	-1.3910889605	3.9753909743	0.0000000000	-1.3910889605	-0.0000000000	3.9753909743	-1.3910889605	0.0000000000	-3.9753909743	-1.3910889605
2.2000000000	-0.0000000000	-0.0000000000	0.1105017529	-3.9753909743	0.0000000000	-1.3910889605	3.9753909743	0.0000000000	-1.3910889605	-0.0000000000	3.9753909743	-1.3910889605	-0.0000000000	-3.9753909743	-1.3910889605
2.3000000000	0.0000000000	0.0000000000	0.1105017529	-3.9753909743	0.0000000000	-1.3910889605	3.9753909743	0.0000000000	-1.3910889605	-0.0000000000	3.9753909743	-1.3910889605	0.0000000000	-3.9753909743	-1.3910889605
2.4000000000	-0.0000000000	-0.0000000000	0.1105017529	-3.9753909743	0.0000000000	-1.3910889605	3.9753909743	0.0000000000	-1.3910889605	-0.0000000000	3.9753909743	-1.3910889605	0.0000000000	-3.9753909743	-1.3910889605
2.5000000000	0.0000000000	0.0000000000	0.1105017529	-3.9753909743	0.0000000000	-1.3910889605	3.9753909743	-0.0000000000	-1.3910889605	-0.0000000000	3.9753909743	-1.3910889605	-0.0000000000	-3.9753909743	-1.3910889605
2.6000000000	-0.0000000000	0.0000000000	0.1105017529	-3.9753909743	-0.0000000000	-1.3910889605	3.9753909743	-0.0000000000	-1.3910889605	0.0000000000	3.9753909743	-1.3910889605	-0.0000000000	-3.9753909743	-1.3910889605
2.7000000000	-0.0000000000	-0.0000000000	0.1105017529	-3.9753909743	0.0000000000	-1.3910889605	3.9753909743	0.0000000000	-1.3910889605	-0.0000000000	3.9753909743	-1.3910889605	0.0000000000	-3.9753909743	-1.3910889605
2.8000000000	0.0000000000	0.0000000000	0.1105017529	-3.9753909743	0.0000000000	-1.3910889605	3.9753909743	0.0000000000	-1.3910889605	0.0000000000	3.9753909743	-1.3910889605	0.0000000000	-3.9753909743	-1.3910889605
2.9000000000	-0.0000000000	-0.0000000000	0.1105017529	-3.9753909743	0.0000000000	-1.3910889605	3.9753909743	0.0000000000	-1.3910889605	-0.0000000000	3.9753909743	-1.3910889605	0.0000000000	-3.9753909743	-1.3910889605
3.0000000000	0.0000000000	0.0000000000	0.1105017529	-3.9753909743	0.0000000000	-1.3910889605	3.9753909743	0.0000000000	-1.3910889605	0.0000000000	3.9753909743	-1.3910889605	-0.0000000000	-3.9753909743	-1.3910889605
3.1000000000	-0.0000000000	0.0000000000	0.1105017529	-3.9753909743	0.0000000000	-1.3910889605	3.9753909743	0.0000000000	-1.3910889605	0.0000000000	3.9753909743	-1.3910889605	0.0000000000	-3.9753909743	-1.3910889605
3.2000000000	-0.0000000000	-0.0000000000	0.1105017527	-3.9753909743	0.0000000000	-1.3910889606	3.9753909743	0.0000000000	-1.3910889606	-0.0000000000	3.9753909743	-1.3910889606	0.0000000000	-3.9753909743	-1.3910889606
3.3000000000	-0.0000000000	-0.0000000000	0.1105017518	-3.9753909744	-0.0000000000	-1.3910889609	3.9753909744	-0.0000000000	-1.3910889609	-0.0000000000	3.9753909744	-1.3910889609	0.0000000000	-3.9753909744	-1.3910889609
3.4000000000	-0.0000000000	0.0000000000	0.1105017489	-3.9753909746	0.0000000000	-1.3910889620	3.9753909746	0.0000000000	-1.3910889620	-0.0000000000	3.9753909746	-1.3910889620	0.0000000000	-3.9753909746	-1.3910889620
3.5000000000	0.0000000000	-0.0000000000	0.1105017397	-3.9753909754	-0.0000000000	-1.3910889653	3.9753909754	-0.0000000000	-1.3910889653	-0.0000000000	3.9753909754	-1.3910889653	0.0000000000	-3.9753909754	-1.3910889653
3.6000000000	-0.0000000000	-0.0000000000	0.1105017140	-3.9753909775	0.0000000000	-1.3910889745	3.9753909775	0.0000000000	-1.3910889745	0.0000000000	3.9753909775	-1.3910889745	-0.0000000000	-3.9753909775	-1.3910889745
3.7000000000	-0.0000000000	-0.0000000000	0.1105016472	-3.9753909833	-0.0000000000	-1.3910889981	3.9753909833	0.0000000000	-1.3910889981	0.0000000000	3.9753909833	-1.3910889981	-0.0000000000	-3.9753909833	-1.3910889981
3.8000000000	0.0000000000	-0.0000000000	0.1105014865	-3.9753909976	0.0000000000	-1.3910890540	3.9753909976	0.0000000000	-1.3910890540	-0.0000000000	3.9753909976	-1.3910890540	0.0000000000	-3.9753909976	-1.3910890540
3.9000000000	-0.0000000000	-0.0000000000	0.1105011248	-3.9753910308	0.0000000000	-1.3910891779	3.9753910308	-0.0000000000	-1.3910891779	-0.0000000000	3.9753910308	-1.3910891779	0.0000000000	-3.9753910308	-1.3910891779
4.0000000000	0.0000000000	-0.0000000000	0.1105003582	-3.9753911029	0.0000000000	-1.3910894363	3.9753911029	0.0000000000	-1.3910894363	0.0000000000	3.9753911029	-1.3910894363	0.0000000000	-3.9753911029	-1.3910894363
4.1000000000	-0.0000000000	-0.0000000000	0.1104988199	-3.9753912508	-0.0000000000	-1.3910899466	3.9753912508	-0.0000000000	-1.3910899466	-0.0000000000	3.9753912508	-1.3910899466	0.0000000000	-3.9753912508	-1.3910899466
4.2000000000	0.0000000000	-0.0000000000	0.1104958813	-3.9753915394	0.0000000000	-1.3910909061	3.9753915394	-0.0000000000	-1.3910909061	-0.0000000000	3.9753915394	-1.3910909061	0.0000000000	-3.9753915394	-1.3910909061
4.3000000000	0.0000000000	0.0000000000	0.1104905128	-3.9753920765	0.0000000000	-1.3910926309	3.9753920765	0.0000000000	-1.3910926309	0.0000000000	3.9753920765	-1.3910926309	-0.0000000000	-3.9753920765	-1.3910926309
4.4000000000	0.0000000000	-0.0000000000	0.1104810948	-3.9753930342	0.0000000000	-1.3910956077	3.9753930342	0.0000000000	-1.3910956077	0.0000000000	3.9753930342	-1.3910956077	-0.0000000000	-3.9753930342	-1.3910956077
4.5000000000	-0.0000000000	-0.0000000000	0.1104651717	-3.9753946767	-0.0000000000	-1.3911005581	3.9753946767	-0.0000000000	-1.3911005581	0.0000000000	3.9753946767	-1.3911005581	-0.0000000000	-3.9753946767	-1.3911005581
4.6000000000	-0.0000000000	-0.0000000000	0.1104391417	-3.9753973952	-0.0000000000	-1.3911085155	3.9753973952	-0.0000000000	-1.3911085155	-0.0000000000	3.9753973952	-1.3911085155	0.0000000000	-3.9753973952	-1.3911085155
4.7000000000	-0.0000000000	-0.0000000000	0.1103978795	-3.9754017494	0.0000000000	-1.3911209151	3.9754017494	0.0000000000	-1.3911209151	0.0000000000	3.9754017494	-1.3911209151	0.0000000000	-3.9754017494	-1.3911209151
4.8000000000	0.0000000000	0.0000000000	0.1103342904	-3.9754085165	0.0000000000	-1.3911396925	3.9754085165	0.0000000000	-1.3911396925	0.0000000000	3.9754085165	-1.3911396925	-0.0000000000	-3.9754085165	-1.3911396925
4.9000000000	0.0000000000	-0.0000000000	0.1102387967	-3.9754187455	0.0000000000	-1.3911673910	3.9754187455	-0.0000000000	-1.3911673910	-0.0000000000	3.9754187455	-1.3911673910	0.0000000000	-3.9754187455	-1.3911673910
