#real_cutoff=2
#reciprocal_cutoff=11
alpha	0x	0y	0z	1x	1y	1z	2x	2y	2z	3x	3y	3z	4x	4y	4z
0.1000000000	0.0000000000	-0.0000000000	0.0288905952	-3.9989322420	0.0000000000	-1.4585355896	3.9989322420	0.0000000000	-1.4585355896	0.0000000000	3.9989322420	-1.4585355896	0.0000000000	-3.9989322420	-1.4585355896
0.2000000000	-0.0000000000	-0.0000000000	0.0264597701	-3.9989311420	0.0000000000	-1.4609649145	3.9989311420	0.0000000000	-1.4609649145	-0.0000000000	3.9989311420	-1.4609649145	-0.0000000000	-3.9989311420	-1.4609649145
0.3000000000	0.0000000000	-0.0000000000	0.0244606711	-3.9989292203	0.0000000000	-1.4629639032	3.9989292203	0.0000000000	-1.4629639032	0.0000000000	3.9989292203	-1.4629639032	-0.0000000000	-3.9989292203	-1.4629639032
0.4000000000	-0.0000000000	-0.0000000000	0.0238689932	-3.9989283690	0.0000000000	-1.4635582188	3.9989283690	0.0000000000	-1.4635582188	-0.0000000000	3.9989283690	-1.4635582188	0.0000000000	-3.9989283690	-1.4635582188
0.5000000000	-0.0000000000	0.0000000000	0.0238032426	-3.9989282412	-0.0000000000	-1.4636252702	3.9989282412	-0.0000000000	-1.4636252702	-0.0000000000	3.9989282412	-1.4636252702	0.0000000000	-3.9989282412	-1.4636252702
0.6000000000	-0.0000000000	-0.0000000000	0.0238127755	-3.9989280304	-0.0000000000	-1.4636164007	3.9989280304	-0.0000000000	-1.4636164007	-0.0000000000	3.9989280304	-1.4636164007	0.0000000000	-3.9989280304	-1.4636164007
0.7000000000	0.0000000000	0.0000000000	0.0238364286	-3.9989273116	0.0000000000	-1.4635935798	3.9989273116	0.0000000000	-1.4635935798	0.0000000000	3.9989273116	-1.4635935798	-0.0000000000	-3.9989273116	-1.4635935798
0.8000000000	0.0000000000	-0.0000000000	0.0238558099	-3.9989262863	-0.0000000000	-1.4635746724	3.9989262863	0.0000000000	-1.4635746724	0.0000000000	3.9989262863	-1.4635746724	0.0000000000	-3.9989262863	-1.4635746724
0.9000000000	-0.0000000000	-0.0000000000	0.0238648415	-3.9989254939	0.0000000000	-1.4635657178	3.9989254939	0.0000000000	-1.4635657178	0.0000000000	3.9989254939	-1.4635657178	0.0000000000	-3.9989254939	-1.4635657178
1.0000000000	-0.0000000000	-0.0000000000	0.0238676317	-3.9989251054	-0.0000000000	-1.4635628870	3.9989251054	-0.0000000000	-1.4635628870	-0.0000000000	3.9989251054	-1.4635628870	0.0000000000	-3.9989251054	-1.4635628870
1.1000000000	-0.0000000000	-0.0000000000	0.0238682556	-3.9989249725	-0.0000000000	-1.4635622339	3.9989249725	-0.0000000000	-1.4635622339	-0.0000000000	3.9989249725	-1.4635622339	0.0000000000	-3.9989249725	-1.4635622339
1.2000000000	0.0000000000	-0.0000000000	0.0238683624	-3.9989249387	0.0000000000	-1.4635621176	3.9989249387	0.0000000000	-1.4635621176	-0.0000000000	3.9989249387	-1.4635621176	0.0000000000	-3.9989249387	-1.4635621176
1.3000000000	0.0000000000	-0.0000000000	0.0238683769	-3.9989249321	0.0000000000	-1.4635621010	3.9989249321	0.0000000000	-1.4635621010	0.0000000000	3.9989249321	-1.4635621010	0.0000000000	-3.9989249321	-1.4635621010
1.4000000000	0.0000000000	0.0000000000	0.0238683785	-3.9989249311	0.0000000000	-1.4635620990	3.9989249311	0.0000000000	-1.4635620990	0.0000000000	3.9989249311	-1.4635620990	-0.0000000000	-3.9989249311	-1.4635620990
1.5000000000	0.0000000000	0.0000000000	0.0238683786	-3.9989249309	0.0000000000	-1.4635620988	3.9989249309	0.0000000000	-1.4635620988	0.0000000000	3.9989249309	-1.4635620988	-0.0000000000	-3.9989249309	-1.4635620988
1.6000000000	0.0000000000	-0.0000000000	0.0238683786	-3.9989249309	0.0000000000	-1.4635620988	3.9989249309	0.0000000000	-1.4635620988	0.0000000000	3.9989249309	-1.4635620988	0.0000000000	-3.9989249309	-1.4635620988
1.7000000000	-0.0000000000	0.0000000000	0.0238683786	-3.9989249309	0.0000000000	-1.4635620988	3.9989249309	0.0000000000	-1.4635620988	0.0000000000	3.9989249309	-1.4635620988	-0.0000000000	-3.9989249309	-1.4635620988
1.8000000000	0.0000000000	0.0000000000	0.0238683786	-3.9989249309	-0.0000000000	-1.4635620988	3.9989249309	-0.0000000000	-1.4635620988	0.0000000000	3.9989249309	-1.4635620988	-0.0000000000	-3.9989249309	-1.4635620988
1.9000000000	0.0000000000	0.0000000000	0.0238683786	-3.9989249309	0.0000000000	-1.4635620988	3.9989249309	0.0000000000	-1.4635620988	0.0000000000	3.9989249309	-1.4635620988	0.0000000000	-3.9989249309	-1.4635620988
2.0000000000	0.0000000000	-0.0000000000	0.0238683786	-3.9989249309	0.0000000000	-1.4635620988	3.9989249309	0.0000000000	-1.4635620988	0.0000000000	3.9989249309	-1.4635620988	-0.0000000000	-3.9989249309	-1.4635620988
2.1000000000	0.0000000000	-0.0000000000	0.0238683786	-3.9989249309	-0.0000000000	-1.4635620988	3.9989249309	-0.0000000000	-1.4635620988	-0.0000000000	3.9989249309	-1.4635620988	0.0000000000	-3.9989249309	-1.4635620988
2.2000000000	-0.0000000000	-0.0000000000	0.0238683786	-3.9989249309	0.0000000000	-1.4635620988	3.9989249309	0.0000000000	-1.4635620988	-0.0000000000	3.9989249309	-1.4635620988	0.0000000000	-3.9989249309	-1.4635620988
2.3000000000	0.0000000000	0.0000000000	0.0238683786	-3.9989249309	-0.0000000000	-1.4635620988	3.9989249309	-0.0000000000	-1.4635620988	-0.0000000000	3.9989249309	-1.4635620988	0.0000000000	-3.9989249309	-1.4635620988
2.4000000000	-0.0000000000	0.0000000000	0.0238683786	-3.9989249309	-0.0000000000	-1.4635620988	3.9989249309	-0.0000000000	-1.4635620988	-0.0000000000	3.9989249309	-1.4635620988	-0.0000000000	-3.9989249309	-1.4635620988
2.5000000000	-0.0000000000	-0.0000000000	0.0238683786	-3.9989249309	-0.0000000000	-1.4635620988	3.9989249309	-0.0000000000	-1.4635620988	-0.0000000000	3.9989249309	-1.4635620988	0.0000000000	-3.9989249309	-1.4635620988
2.6000000000	-0.0000000000	-0.0000000000	0.0238683786	-3.9989249309	0.0000000000	-1.4635620988	3.9989249309	0.0000000000	-1.4635620988	0.0000000000	3.9989249309	-1.4635620988	0.0000000000	-3.9989249309	-1.4635620988
2.7000000000	-0.0000000000	-0.0000000000	0.0238683786	-3.9989249309	-0.0000000000	-1.4635620988	3.9989249309	-0.0000000000	-1.4635620988	-0.0000000000	3.9989249309	-1.4635620988	0.0000000000	-3.9989249309	-1.4635620988
2.8000000000	-0.0000000000	0.0000000000	0.0238683786	-3.9989249309	0.0000000000	-1.4635620988	3.9989249309	0.0000000000	-1.4635620988	0.0000000000	3.9989249309	-1.4635620988	-0.0000000000	-3.9989249309	-1.4635620988
2.9000000000	-0.0000000000	-0.0000000000	0.0238683786	-3.9989249309	0.0000000000	-1.4635620988	3.9989249309	0.0000000000	-1.4635620988	-0.0000000000	3.9989249309	-1.4635620988	0.0000000000	-3.9989249309	-1.4635620988
3.0000000000	0.0000000000	0.0000000000	0.0238683786	-3.9989249309	-0.0000000000	-1.4635620988	3.9989249309	-0.0000000000	-1.4635620988	-0.0000000000	3.9989249309	-1.4635620988	-0.0000000000	-3.9989249309	-1.4635620988
3.1000000000	-0.0000000000	-0.0000000000	0.0238683786	-3.9989249309	-0.0000000000	-1.4635620988	3.9989249309	0.0000000000	-1.4635620988	-0.0000000000	3.9989249309	-1.4635620988	0.0000000000	-3.9989249309	-1.4635620988
3.2000000000	0.0000000000	0.0000000000	0.0238683786	-3.9989249309	-0.0000000000	-1.4635620988	3.9989249309	-0.0000000000	-1.4635620988	-0.0000000000	3.9989249309	-1.4635620988	-0.0000000000	-3.9989249309	-1.4635620988
3.3000000000	0.0000000000	0.0000000000	0.0238683786	-3.9989249309	-0.0000000000	-1.4635620988	3.9989249309	-0.0000000000	-1.4635620988	0.0000000000	3.9989249309	-1.4635620988	-0.0000000000	-3.9989249309	-1.4635620988
3.4000000000	-0.0000000000	-0.0000000000	0.0238683786	-3.9989249309	0.0000000000	-1.4635620988	3.9989249309	0.0000000000	-1.4635620988	-0.0000000000	3.9989249309	-1.4635620988	0.0000000000	-3.9989249309	-1.4635620988
3.5000000000	0.0000000000	0.0000000000	0.0238683786	-3.9989249309	-0.0000000000	-1.4635620988	3.9989249309	-0.0000000000	-1.4635620988	-0.0000000000	3.9989249309	-1.4635620988	0.0000000000	-3.9989249309	-1.4635620988
3.6000000000	-0.0000000000	-0.0000000000	0.0238683786	-3.9989249309	0.0000000000	-1.4635620988	3.9989249309	0.0000000000	-1.4635620988	0.0000000000	3.9989249309	-1.4635620988	-0.0000000000	-3.9989249309	-1.4635620988
3.7000000000	0.0000000000	-0.0000000000	0.0238683786	-3.9989249309	-0.0000000000	-1.4635620988	3.9989249309	-0.0000000000	-1.4635620988	0.0000000000	3.9989249309	-1.4635620988	-0.0000000000	-3.9989249309	-1.4635620988
3.8000000000	0.0000000000	-0.0000000000	0.0238683786	-3.9989249309	-0.0000000000	-1.4635620988	3.9989249309	-0.0000000000	-1.4635620988	-0.0000000000	3.9989249309	-1.4635620988	0.0000000000	-3.9989249309	-1.4635620988
3.9000000000	-0.0000000000	0.0000000000	0.0238683785	-3.9989249309	0.0000000000	-1.4635620987	3.9989249309	0.0000000000	-1.4635620987	-0.0000000000	3.9989249309	-1.4635620987	0.0000000000	-3.9989249309	-1.4635620987
4.0000000000	0.0000000000	-0.0000000000	0.0238683781	-3.9989249309	0.0000000000	-1.4635620984	3.9989249309	0.0000000000	-1.4635620984	-0.0000000000	3.9989249309	-1.4635620984	0.0000000000	-3.9989249309	-1.4635620984
4.1000000000	-0.0000000000	-0.0000000000	0.0238683771	-3.9989249310	-0.0000000000	-1.4635620977	3.9989249310	-0.0000000000	-1.4635620977	-0.0000000000	3.9989249310	-1.4635620977	0.0000000000	-3.9989249310	-1.4635620977
4.2000000000	-0.0000000000	-0.0000000000	0.0238683744	-3.9989249311	0.0000000000	-1.4635620960	3.9989249311	0.0000000000	-1.4635620960	-0.0000000000	3.9989249311	-1.4635620960	0.0000000000	-3.9989249311	-1.4635620960
4.3000000000	0.0000000000	0.0000000000	0.0238683682	-3.9989249314	-0.0000000000	-1.4635620918	3.9989249314	-0.0000000000	-1.4635620918	0.0000000000	3.9989249314	-1.4635620918	0.0000000000	-3.9989249314	-1.4635620918
4.4000000000	0.0000000000	0.0000000000	0.0238683543	-3.9989249321	-0.0000000000	-1.4635620826	3.9989249321	-0.0000000000	-1.4635620826	-0.0000000000	3.9989249321	-1.4635620826	0.0000000000	-3.9989249321	-1.4635620826
4.5000000000	-0.0000000000	0.0000000000	0.0238683245	-3.9989249337	-0.0000000000	-1.4635620633	3.9989249337	-0.0000000000	-1.4635620633	-0.0000000000	3.9989249337	-1.4635620633	0.0000000000	-3.9989249337	-1.4635620633
4.6000000000	0.0000000000	-0.0000000000	0.0238682642	-3.9989249371	0.0000000000	-1.4635620245	3.9989249371	0.0000000000	-1.4635620245	-0.0000000000	3.9989249371	-1.4635620245	0.0000000000	-3.9989249371	-1.4635620245
4.7000000000	0.0000000000	0.0000000000	0.0238681471	-3.9989249439	-0.0000000000	-1.4635619501	3.9989249439	-0.0000000000	-1.4635619501	0.0000000000	3.9989249439	-1.4635619501	-0.0000000000	-3.9989249439	-1.4635619501
4.8000000000	0.0000000000	-0.0000000000	0.0238679290	-3.9989249569	-0.0000000000	-1.4635618132	3.9989249569	-0.0000000000	-1.4635618132	-0.0000000000	3.9989249569	-1.4635618132	0.0000000000	-3.9989249569	-1.4635618132
4.9000000000	0.0000000000	-0.0000000000	0.0238675379	-3.9989249812	-0.0000000000	-1.4635615710	3.9989249812	-0.0000000000	-1.4635615710	0.0000000000	3.9989249812	-1.4635615710	-0.0000000000	-3.9989249812	-1.4635615710
