#real_cutoff=3
#reciprocal_cutoff=2
alpha	0x	0y	0z	1x	1y	1z	2x	2y	2z	3x	3y	3z	4x	4y	4z
0.1000000000	-0.0000000000	0.0000000000	0.0102700333	-4.0005060592	0.0000000000	-1.4762570144	4.0005060592	-0.0000000000	-1.4762570144	0.0000000000	4.0005060592	-1.4762570144	-0.0000000000	-4.0005060592	-1.4762570144
0.2000000000	0.0000000000	0.0000000000	0.0090646254	-4.0005058283	-0.0000000000	-1.4774622709	4.0005058283	0.0000000000	-1.4774622709	-0.0000000000	4.0005058283	-1.4774622709	0.0000000000	-4.0005058283	-1.4774622709
0.3000000000	0.0000000000	-0.0000000000	0.0087175195	-4.0005057036	0.0000000000	-1.4778096840	4.0005057036	0.0000000000	-1.4778096840	-0.0000000000	4.0005057036	-1.4778096840	0.0000000000	-4.0005057036	-1.4778096840
0.4000000000	0.0000000000	-0.0000000000	0.0086973906	-4.0005056948	-0.0000000000	-1.4778299239	4.0005056948	-0.0000000000	-1.4778299239	-0.0000000000	4.0005056948	-1.4778299239	0.0000000000	-4.0005056948	-1.4778299239
0.5000000000	0.0000000000	0.0000000000	0.0086972700	-4.0005056937	0.0000000000	-1.4778300517	4.0005056937	0.0000000000	-1.4778300517	0.0000000000	4.0005056937	-1.4778300517	0.0000000000	-4.0005056937	-1.4778300517
0.6000000000	0.0000000000	0.0000000000	0.0086977683	-4.0005056862	-0.0000000000	-1.4778295623	4.0005056862	-0.0000000000	-1.4778295623	0.0000000000	4.0005056862	-1.4778295623	-0.0000000000	-4.0005056862	-1.4778295623
0.7000000000	-0.0000000000	0.0000000000	0.0086982143	-4.0005056738	-0.0000000000	-1.4778291217	4.0005056738	-0.0000000000	-1.4778291217	0.0000000000	4.0005056738	-1.4778291217	-0.0000000000	-4.0005056738	-1.4778291217
0.8000000000	-0.0000000000	-0.0000000000	0.0086983623	-4.0005056667	-0.0000000000	-1.4778289741	4.0005056667	-0.0000000000	-1.4778289741	-0.0000000000	4.0005056667	-1.4778289741	0.0000000000	-4.0005056667	-1.4778289741
0.9000000000	0.0000000000	0.0000000000	0.0086983863	-4.0005056648	0.0000000000	-1.4778289497	4.0005056648	0.0000000000	-1.4778289497	-0.0000000000	4.0005056648	-1.4778289497	0.0000000000	-4.0005056648	-1.4778289497
1.0000000000	-0.0000000000	0.0000000000	0.0086983885	-4.0005056645	-0.0000000000	-1.4778289474	4.0005056645	-0.0000000000	-1.4778289474	-0.0000000000	4.0005056645	-1.4778289474	0.0000000000	-4.0005056645	-1.4778289474
1.1000000000	-0.0000000000	-0.0000000000	0.0086983873	-4.0005056645	-0.0000000000	-1.4778289484	4.0005056645	-0.0000000000	-1.4778289484	-0.0000000000	4.0005056645	-1.4778289484	0.0000000000	-4.0005056645	-1.4778289484
1.2000000000	0.0000000000	0.0000000000	0.0086983668	-4.0005056645	-0.0000000000	-1.4778289644	4.0005056645	-0.0000000000	-1.4778289644	0.0000000000	4.0005056645	-1.4778289644	-0.0000000000	-4.0005056645	-1.4778289644
1.3000000000	0.0000000000	0.0000000000	0.0086982063	-4.0005056644	0.0000000000	-1.4778290898	4.0005056644	0.0000000000	-1.4778290898	0.0000000000	4.0005056644	-1.4778290898	-0.0000000000	-4.0005056644	-1.4778290898
1.4000000000	-0.0000000000	0.0000000000	0.0086974024	-4.0005056629	-0.0000000000	-1.4778297177	4.0005056629	-0.0000000000	-1.4778297177	-0.0000000000	4.0005056629	-1.4778297177	0.0000000000	-4.0005056629	-1.4778297177
1.5000000000	-0.0000000000	0.0000000000	0.0086945069	-4.0005056525	0.0000000000	-1.4778319767	4.0005056525	0.0000000000	-1.4778319767	0.0000000000	4.0005056525	-1.4778319767	0.0000000000	-4.0005056525	-1.4778319767
1.6000000000	-0.0000000000	-0.0000000000	0.0086863465	-4.0005056015	0.0000000000	-1.4778383325	4.0005056015	0.0000000000	-1.4778383325	-0.0000000000	4.0005056015	-1.4778383325	0.0000000000	-4.0005056015	-1.4778383325
1.7000000000	0.0000000000	0.0000000000	0.0086672242	-4.0005054148	-0.0000000000	-1.4778531899	4.0005054148	-0.0000000000	-1.4778531899	-0.0000000000	4.0005054148	-1.4778531899	0.0000000000	-4.0005054148	-1.4778531899
1.8000000000	0.0000000000	-0.0000000000	0.0086282945	-4.0005048657	-0.0000000000	-1.4778833388	4.0005048657	-0.0000000000	-1.4778833388	-0.0000000000	4.0005048657	-1.4778833388	-0.0000000000	-4.0005048657	-1.4778833388
1.9000000000	0.0000000000	0.0000000000	0.0085572133	-4.0005035080	-0.0000000000	-1.4779381623	4.0005035080	-0.0000000000	-1.4779381623	-0.0000000000	4.0005035080	-1.4779381623	0.0000000000	-4.0005035080	-1.4779381623
2.0000000000	0.0000000000	0.0000000000	0.0084380758	-4.0005005827	-0.0000000000	-1.4780296001	4.0005005827	-0.0000000000	-1.4780296001	0.0000000000	4.0005005827	-1.4780296001	-0.0000000000	-4.0005005827	-1.4780296001
2.1000000000	0.0000000000	0.0000000000	0.0082516133	-4.0004949385	-0.0000000000	-1.4781718963	4.0004949385	-0.0000000000	-1.4781718963	-0.0000000000	4.0004949385	-1.4781718963	-0.0000000000	-4.0004949385	-1.4781718963
2.2000000000	-0.0000000000	-0.0000000000	0.0079756010	-4.0004849785	0.0000000000	-1.4783811810	4.0004849785	0.0000000000	-1.4783811810	0.0000000000	4.0004849785	-1.4783811810	-0.0000000000	-4.0004849785	-1.4783811810
2.3000000000	-0.0000000000	0.0000000000	0.0075854126	-4.0004686368	0.0000000000	-1.4786749409	4.0004686368	0.0000000000	-1.4786749409	0.0000000000	4.0004686368	-1.4786749409	-0.0000000000	-4.0004686368	-1.4786749409
2.4000000000	-0.0000000000	0.0000000000	0.0070546539	-4.0004433786	-0.0000000000	-1.4790714406	4.0004433786	-0.0000000000	-1.4790714406	-0.0000000000	4.0004433786	-1.4790714406	0.0000000000	-4.0004433786	-1.4790714406
2.5000000000	-0.0000000000	-0.0000000000	0.0063558027	-4.0004062152	-0.0000000000	-1.4795891517	4.0004062152	-0.0000000000	-1.4795891517	-0.0000000000	4.0004062152	-1.4795891517	0.0000000000	-4.0004062152	-1.4795891517
2.6000000000	0.0000000000	0.0000000000	0.0054607978	-4.0003537241	0.0000000000	-1.4802462341	4.0003537241	0.0000000000	-1.4802462341	-0.0000000000	4.0003537241	-1.4802462341	0.0000000000	-4.0003537241	-1.4802462341
2.7000000000	0.0000000000	-0.0000000000	0.0043415368	-4.0002820649	-0.0000000000	-1.4810601017	4.0002820649	0.0000000000	-1.4810601017	-0.0000000000	4.0002820649	-1.4810601017	0.0000000000	-4.0002820649	-1.4810601017
2.8000000000	-0.0000000000	-0.0000000000	0.0029702621	-4.0001869892	-0.0000000000	-1.4820470848	4.0001869892	-0.0000000000	-1.4820470848	0.0000000000	4.0001869892	-1.4820470848	-0.0000000000	-4.0001869892	-1.4820470848
2.9000000000	0.0000000000	0.0000000000	0.0013198354	-4.0000638425	-0.0000000000	-1.4832221892	4.0000638425	-0.0000000000	-1.4832221892	-0.0000000000	4.0000638425	-1.4832221892	-0.0000000000	-4.0000638425	-1.4832221892
3.0000000000	0.0000000000	0.0000000000	-0.0006360896	-3.9999075602	0.0000000000	-1.4845989408	3.9999075602	0.0000000000	-1.4845989408	-0.0000000000	3.9999075602	-1.4845989408	0.0000000000	-3.9999075602	-1.4845989408
3.1000000000	0.0000000000	0.0000000000	-0.0029229763	-3.9997126602	0.0000000000	-1.4861893033	3.9997126602	0.0000000000	-1.4861893033	0.0000000000	3.9997126602	-1.4861893033	0.0000000000	-3.9997126602	-1.4861893033
3.2000000000	-0.0000000000	0.0000000000	-0.0055653780	-3.9994732348	0.0000000000	-1.4880036480	3.9994732348	0.0000000000	-1.4880036480	0.0000000000	3.9994732348	-1.4880036480	-0.0000000000	-3.9994732348	-1.4880036480
3.3000000000	0.0000000000	0.0000000000	-0.0085869532	-3.9991829435	0.0000000000	-1.4900507651	3.9991829435	0.0000000000	-1.4900507651	-0.0000000000	3.9991829435	-1.4900507651	0.0000000000	-3.9991829435	-1.4900507651
3.4000000000	-0.0000000000	0.0000000000	-0.0120105092	-3.9988350093	0.0000000000	-1.4923378990	3.9988350093	0.0000000000	-1.4923378990	-0.0000000000	3.9988350093	-1.4923378990	0.0000000000	-3.9988350093	-1.4923378990
3.5000000000	-0.0000000000	-0.0000000000	-0.0158580599	-3.9984222193	-0.0000000000	-1.4948708002	3.9984222193	-0.0000000000	-1.4948708002	-0.0000000000	3.9984222193	-1.4948708002	0.0000000000	-3.9984222193	-1.4948708002
3.6000000000	0.0000000000	-0.0000000000	-0.0201508904	-3.9979369290	-0.0000000000	-1.4976537847	3.9979369290	0.0000000000	-1.4976537847	0.0000000000	3.9979369290	-1.4976537847	0.0000000000	-3.9979369290	-1.4976537847
3.7000000000	0.0000000000	0.0000000000	-0.0249096206	-3.9973710719	-0.0000000000	-1.5006897969	3.9973710719	-0.0000000000	-1.5006897969	0.0000000000	3.9973710719	-1.5006897969	-0.0000000000	-3.9973710719	-1.5006897969
3.8000000000	-0.0000000000	-0.0000000000	-0.0301542655	-3.9967161738	-0.0000000000	-1.5039804716	3.9967161738	0.0000000000	-1.5039804716	-0.0000000000	3.9967161738	-1.5039804716	0.0000000000	-3.9967161738	-1.5039804716
3.9000000000	-0.0000000000	0.0000000000	-0.0359042889	-3.9959633709	0.0000000000	-1.5075261932	3.9959633709	0.0000000000	-1.5075261932	0.0000000000	3.9959633709	-1.5075261932	-0.0000000000	-3.9959633709	-1.5075261932
4.0000000000	-0.0000000000	0.0000000000	-0.0421786507	-3.9951034312	-0.0000000000	-1.5113261526	3.9951034312	0.0000000000	-1.5113261526	0.0000000000	3.9951034312	-1.5113261526	0.0000000000	-3.9951034312	-1.5113261526
4.1000000000	0.0000000000	-0.0000000000	-0.0489958474	-3.9941267798	0.0000000000	-1.5153784001	3.9941267798	0.0000000000	-1.5153784001	-0.0000000000	3.9941267798	-1.5153784001	0.0000000000	-3.9941267798	-1.5153784001
4.2000000000	-0.0000000000	0.0000000000	-0.0563739465	-3.9930235258	0.0000000000	-1.5196798944	3.9930235258	0.0000000000	-1.5196798944	-0.0000000000	3.9930235258	-1.5196798944	-0.0000000000	-3.9930235258	-1.5196798944
4.3000000000	-0.0000000000	-0.0000000000	-0.0643306152	-3.9917834908	0.0000000000	-1.5242265497	3.9917834908	-0.0000000000	-1.5242265497	0.0000000000	3.9917834908	-1.5242265497	-0.0000000000	-3.9917834908	-1.5242265497
4.4000000000	0.0000000000	0.0000000000	-0.0728831453	-3.9903962397	-0.0000000000	-1.5290132799	3.9903962397	-0.0000000000	-1.5290132799	-0.0000000000	3.9903962397	-1.5290132799	0.0000000000	-3.9903962397	-1.5290132799
4.5000000000	-0.0000000000	-0.0000000000	-0.0820484741	-3.9888511102	0.0000000000	-1.5340340405	3.9888511102	0.0000000000	-1.5340340405	-0.0000000000	3.9888511102	-1.5340340405	0.0000000000	-3.9888511102	-1.5340340405
4.6000000000	-0.0000000000	-0.0000000000	-0.0918432024	-3.9871372442	-0.0000000000	-1.5392818702	3.9871372442	-0.0000000000	-1.5392818702	0.0000000000	3.9871372442	-1.5392818702	-0.0000000000	-3.9871372442	-1.5392818702
4.7000000000	0.0000000000	0.0000000000	-0.1022836119	-3.9852436177	-0.0000000000	-1.5447489306	3.9852436177	-0.0000000000	-1.5447489306	0.0000000000	3.9852436177	-1.5447489306	0.0000000000	-3.9852436177	-1.5447489306
4.8000000000	0.0000000000	0.0000000000	-0.1133856790	-3.9831590706	0.0000000000	-1.5504265458	3.9831590706	0.0000000000	-1.5504265458	-0.0000000000	3.9831590706	-1.5504265458	0.0000000000	-3.9831590706	-1.5504265458
4.9000000000	0.0000000000	-0.0000000000	-0.1251650904	-3.9808723360	-0.0000000000	-1.5563052417	3.9808723360	0.0000000000	-1.5563052417	-0.0000000000	3.9808723360	-1.5563052417	0.0000000000	-3.9808723360	-1.5563052417
5.0000000000	-0.0000000000	-0.0000000000	-0.1376372554	-3.9783720678	0.0000000000	-1.5623747853	3.9783720678	0.0000000000	-1.5623747853	0.0000000000	3.9783720678	-1.5623747853	-0.0000000000	-3.9783720678	-1.5623747853
