#real_cutoff=2
#reciprocal_cutoff=6
#r0 - r0 : [0.0, 0.0, 0.0, 0.0]
#r0 - r1 : [0.0, 0.0, 0.0, 0.0]
#r0 - r2 : [0.9999999999999998, 0.0, 0.0, 0.9999999999999998]
#r0 - r3 : [1.9553522243833716, 1.3355499999999996, 1.0930010000000001, -0.91927]
#r0 - r4 : [1.425856319485592, 1.3355499999999996, -0.16516899999999968, -0.47126599999999996]
alpha	0x	0y	0z	1x	1y	1z	2x	2y	2z	3x	3y	3z	4x	4y	4z
0.1000000000	0.0014015846	0.0011992538	-0.0035894393	0.0014015846	0.0011992538	-0.0035894393	0.0014020435	0.0011931052	-2.0043335014	0.1294382287	0.1060136160	0.0420648942	0.3213727797	-0.0383839108	0.2288169340
0.2000000000	0.0013474178	0.0011569318	-0.0044660372	0.0013474178	0.0011569318	-0.0044660372	0.0013479377	0.0011508308	-2.0052092058	0.1293835731	0.1059708728	0.0411896934	0.3213183745	-0.0384261701	0.2279409789
0.3000000000	0.0011447038	0.0009956920	-0.0058738895	0.0011447038	0.0009956920	-0.0058738895	0.0011456555	0.0009899347	-2.0066141765	0.1291802061	0.1058089648	0.0397854575	0.3211154569	-0.0385871759	0.2265348232
0.4000000000	0.0008158128	0.0007270461	-0.0072455842	0.0008158128	0.0007270461	-0.0072455842	0.0008176688	0.0007220274	-2.0079821212	0.1288518566	0.1055405513	0.0384172967	0.3207872245	-0.0388555090	0.2251647945
0.5000000000	0.0004894994	0.0004521943	-0.0082677545	0.0004894994	0.0004521943	-0.0082677545	0.0004920759	0.0004477774	-2.0090019212	0.1285268570	0.1052667011	0.0373971038	0.3204620302	-0.0391301412	0.2241435293
0.6000000000	0.0002538411	0.0002481774	-0.0089106220	0.0002538411	0.0002481774	-0.0089106220	0.0002562799	0.0002436273	-2.0096450268	0.1282921342	0.1050635235	0.0367550425	0.3202271109	-0.0393340568	0.2235010055
0.7000000000	0.0001174174	0.0001278080	-0.0092627162	0.0001174174	0.0001278080	-0.0092627162	0.0001188497	0.0001223557	-2.0099996490	0.1281560741	0.1049435310	0.0364031976	0.3200909597	-0.0394543954	0.2231490045
0.8000000000	0.0000509203	0.0000685692	-0.0094310430	0.0000509203	0.0000685692	-0.0094310430	0.0000509790	0.0000618831	-2.0101714465	0.1280896794	0.1048843994	0.0362349007	0.3200245403	-0.0395136354	0.2229806746
0.9000000000	0.0000230807	0.0000437220	-0.0095007825	0.0000230807	0.0000437220	-0.0095007825	0.0000219335	0.0000359505	-2.0102442269	0.1280618846	0.1048595762	0.0361651081	0.3199967439	-0.0395384994	0.2229108892
1.0000000000	0.0000130169	0.0000347446	-0.0095260521	0.0000130169	0.0000347446	-0.0095260521	0.0000110846	0.0000262741	-2.0102713238	0.1280518286	0.1048505923	0.0361398934	0.3199866935	-0.0395474844	0.2228856264
1.1000000000	0.0000098215	0.0000317333	-0.0095378142	0.0000098215	0.0000317333	-0.0095378142	0.0000075068	0.0000229735	-2.0102828216	0.1280484018	0.1048474056	0.0361292938	0.3199833075	-0.0395504082	0.2228743955
1.2000000000	0.0000087013	0.0000300558	-0.0095605507	0.0000087013	0.0000300558	-0.0095605507	0.0000063052	0.0000214249	-2.0102998520	0.1280459379	0.1048446618	0.0361127408	0.3199811376	-0.0395516681	0.2228544484
1.3000000000	0.0000077477	0.0000274993	-0.0096297896	0.0000077477	0.0000274993	-0.0096297896	0.0000055197	0.0000195191	-2.0103490586	0.1280401225	0.1048380434	0.0360647875	0.3199766280	-0.0395530392	0.2227945603
1.4000000000	0.0000062530	0.0000230034	-0.0098019945	0.0000062530	0.0000230034	-0.0098019945	0.0000044367	0.0000163170	-2.0104708811	0.1280255237	0.1048222543	0.0359475404	0.3199660631	-0.0395550092	0.2226460201
1.5000000000	0.0000040955	0.0000163908	-0.0101528955	0.0000040955	0.0000163908	-0.0101528955	0.0000029058	0.0000116365	-2.0107190151	0.1279947622	0.1047906160	0.0357118641	0.3199449602	-0.0395571799	0.2223441486
1.6000000000	0.0000015030	0.0000082442	-0.0107674125	0.0000015030	0.0000082442	-0.0107674125	0.0000010716	0.0000058750	-2.0111535360	0.1279386481	0.1047354790	0.0353044801	0.3199081163	-0.0395584636	0.2218174246
1.7000000000	-0.0000011463	-0.0000004210	-0.0117275754	-0.0000011463	-0.0000004210	-0.0117275754	-0.0000008020	-0.0000002528	-2.0118324128	0.1278466075	0.1046486826	0.0346762959	0.3198497209	-0.0395573781	0.2209984497
1.8000000000	-0.0000035105	-0.0000085813	-0.0131033164	-0.0000035105	-0.0000085813	-0.0131033164	-0.0000024743	-0.0000060245	-2.0128049337	0.1277070933	0.1045217557	0.0337886545	0.3197633787	-0.0395523825	0.2198323045
1.9000000000	-0.0000053919	-0.0000155150	-0.0149478444	-0.0000053919	-0.0000155150	-0.0149478444	-0.0000038056	-0.0000109308	-2.0141082320	0.1275079771	0.1043459426	0.0326164054	0.3196421332	-0.0395421138	0.2182806730
2.0000000000	-0.0000067482	-0.0000209063	-0.0172970551	-0.0000067482	-0.0000209063	-0.0172970551	-0.0000047664	-0.0000147491	-2.0157664866	0.1272369820	0.1041122499	0.0311482108	0.3194785851	-0.0395254678	0.2163222012
2.1000000000	-0.0000076448	-0.0000247831	-0.0201716130	-0.0000076448	-0.0000247831	-0.0201716130	-0.0000054026	-0.0000174995	-2.0177918183	0.1268821376	0.1038116112	0.0293850594	0.3192651006	-0.0395015639	0.2139503824
2.2000000000	-0.0000081932	-0.0000273820	-0.0235803940	-0.0000081932	-0.0000273820	-0.0235803940	-0.0000057930	-0.0000193487	-2.0201860110	0.1264321735	0.1034351430	0.0273379112	0.3189940380	-0.0394696598	0.2111702489
2.3000000000	-0.0000085058	-0.0000290159	-0.0275243178	-0.0000085058	-0.0000290159	-0.0275243178	-0.0000060165	-0.0000205166	-2.0229424867	0.1258767728	0.1029743993	0.0250251323	0.3186579151	-0.0394290713	0.2079948122
2.4000000000	-0.0000086726	-0.0000299837	-0.0319999384	-0.0000086726	-0.0000299837	-0.0319999384	-0.0000061366	-0.0000212132	-2.0260482283	0.1252066543	0.1024215506	0.0224701097	0.3182494792	-0.0393791172	0.2044418336
2.5000000000	-0.0000087563	-0.0000305258	-0.0370024300	-0.0000087563	-0.0000305258	-0.0370024300	-0.0000061975	-0.0000216071	-2.0294855008	0.1244135130	0.1017694529	0.0196992317	0.3177616812	-0.0393190900	0.2005312219
2.6000000000	-0.0000087959	-0.0000308136	-0.0425278001	-0.0000087959	-0.0000308136	-0.0425278001	-0.0000062267	-0.0000218189	-2.0332333147	0.1234898729	0.1010116235	0.0167402935	0.3171875864	-0.0392482430	0.1962831526
2.7000000000	-0.0000088136	-0.0000309588	-0.0485743211	-0.0000088136	-0.0000309588	-0.0485743211	-0.0000062400	-0.0000219275	-2.0372686088	0.1224289159	0.1001421595	0.0136213158	0.3165202593	-0.0391657870	0.1917168740
2.8000000000	-0.0000088212	-0.0000310285	-0.0551432677	-0.0000088212	-0.0000310285	-0.0551432677	-0.0000062458	-0.0000219807	-2.0415671578	0.1212243330	0.0991556428	0.0103697281	0.3157526572	-0.0390708903	0.1868500928
2.9000000000	-0.0000088242	-0.0000310605	-0.0622391135	-0.0000088242	-0.0000310605	-0.0622391135	-0.0000062482	-0.0000220057	-2.0461042189	0.1198702264	0.0980470622	0.0070118526	0.3148775546	-0.0389626799	0.1816987953
3.0000000000	-0.0000088253	-0.0000310744	-0.0698693541	-0.0000088253	-0.0000310744	-0.0698693541	-0.0000062491	-0.0000220170	-2.0508549467	0.1183610698	0.0968117707	0.0035726236	0.3138875059	-0.0388402455	0.1762773639
3.1000000000	-0.0000088258	-0.0000310802	-0.0780441141	-0.0000088258	-0.0000310802	-0.0780441141	-0.0000062494	-0.0000220218	-2.0557946101	0.1166917226	0.0954454830	0.0000754770	0.3127748457	-0.0387026439	0.1705988594
3.2000000000	-0.0000088259	-0.0000310825	-0.0867756636	-0.0000088259	-0.0000310825	-0.0867756636	-0.0000062496	-0.0000220238	-2.0608986546	0.1148574845	0.0939443053	-0.0034576456	0.3115317206	-0.0385489061	0.1646753751
3.3000000000	-0.0000088260	-0.0000310834	-0.0960779333	-0.0000088260	-0.0000310834	-0.0960779333	-0.0000062496	-0.0000220246	-2.0661426504	0.1128541764	0.0923047911	-0.0070062265	0.3101501411	-0.0383780449	0.1585183905
3.4000000000	-0.0000088260	-0.0000310838	-0.1059660816	-0.0000088260	-0.0000310838	-0.1059660816	-0.0000062496	-0.0000220250	-2.0715021692	0.1106782344	0.0905240092	-0.0105510716	0.3086220477	-0.0381890640	0.1521390869
3.5000000000	-0.0000088261	-0.0000310839	-0.1164561374	-0.0000088261	-0.0000310839	-0.1164561374	-0.0000062496	-0.0000220251	-2.0769526233	0.1083268037	0.0885996159	-0.0140742080	0.3069393813	-0.0379809667	0.1455486016
3.6000000000	-0.0000088264	-0.0000310839	-0.1275647242	-0.0000088264	-0.0000310839	-0.1275647242	-0.0000062497	-0.0000220251	-2.0824690972	0.1057978263	0.0865299234	-0.0175587948	0.3050941547	-0.0377527655	0.1387582174
3.7000000000	-0.0000088272	-0.0000310839	-0.1393088570	-0.0000088272	-0.0000310839	-0.1393088570	-0.0000062497	-0.0000220251	-2.0880261919	0.1030901166	0.0843139597	-0.0209890576	0.3030785222	-0.0375034900	0.1317794915
3.8000000000	-0.0000088291	-0.0000310839	-0.1517058005	-0.0000088291	-0.0000310839	-0.1517058005	-0.0000062497	-0.0000220251	-2.0935978949	0.1002034217	0.0819515173	-0.0243502475	0.3008848441	-0.0372321954	0.1246243312
3.9000000000	-0.0000088337	-0.0000310839	-0.1647729735	-0.0000088337	-0.0000310839	-0.1647729735	-0.0000062498	-0.0000220251	-2.0991574830	0.0971384656	0.0794431890	-0.0276286249	0.2985057478	-0.0369379702	0.1173050288
4.0000000000	-0.0000088434	-0.0000310842	-0.1785278861	-0.0000088434	-0.0000310842	-0.1785278861	-0.0000062498	-0.0000220250	-2.1046774600	0.0938969775	0.0767903906	-0.0308114601	0.2959341835	-0.0366199428	0.1098342646
4.1000000000	-0.0000088634	-0.0000310850	-0.1929881012	-0.0000088634	-0.0000310850	-0.1929881012	-0.0000062495	-0.0000220247	-2.1101295266	0.0904817043	0.0739953719	-0.0338870496	0.2931634757	-0.0362772881	0.1022250867
4.2000000000	-0.0000089024	-0.0000310872	-0.2081712096	-0.0000089024	-0.0000310872	-0.2081712096	-0.0000062484	-0.0000220242	-2.1154845793	0.0868964090	0.0710612151	-0.0368447382	0.2901873714	-0.0359092339	0.0944908761
4.3000000000	-0.0000089747	-0.0000310925	-0.2240948152	-0.0000089747	-0.0000310925	-0.2240948152	-0.0000062456	-0.0000220231	-2.1207127351	0.0831458546	0.0679918228	-0.0396749442	0.2870000828	-0.0355150663	0.0866453002
4.4000000000	-0.0000091034	-0.0000311040	-0.2407765252	-0.0000091034	-0.0000311040	-0.2407765252	-0.0000062389	-0.0000220208	-2.1257833746	0.0792357774	0.0647918961	-0.0423691838	0.2835963274	-0.0350941350	0.0787022614
4.5000000000	-0.0000093237	-0.0000311276	-0.2582339428	-0.0000093237	-0.0000311276	-0.2582339428	-0.0000062247	-0.0000220162	-2.1306652020	0.0751728470	0.0614669030	-0.0449200888	0.2799713637	-0.0346458585	0.0706758414
4.6000000000	-0.0000096878	-0.0000311726	-0.2764846616	-0.0000096878	-0.0000311726	-0.2764846616	-0.0000061964	-0.0000220073	-2.1353263169	0.0709646181	0.0580230397	-0.0473214186	0.2761210228	-0.0341697290	0.0625802447
4.7000000000	-0.0000102707	-0.0000312547	-0.2955462592	-0.0000102707	-0.0000312547	-0.2955462592	-0.0000061439	-0.0000219911	-2.1397342955	0.0666194715	0.0544671836	-0.0495680625	0.2720417360	-0.0336653162	0.0544297419
4.8000000000	-0.0000111767	-0.0000313975	-0.3154362907	-0.0000111767	-0.0000313975	-0.3154362907	-0.0000060506	-0.0000219621	-2.1438562788	0.0621465487	0.0508068402	-0.0516560333	0.2677305580	-0.0331322718	0.0462386141
4.9000000000	-0.0000125475	-0.0000316367	-0.3361722813	-0.0000125475	-0.0000316367	-0.3361722813	-0.0000058919	-0.0000219122	-2.1476590663	0.0575556783	0.0470500840	-0.0535824507	0.2631851858	-0.0325703333	0.0380210995
5.0000000000	-0.0000145706	-0.0000320235	-0.3577717167	-0.0000145706	-0.0000320235	-0.3577717167	-0.0000056321	-0.0000218290	-2.1511092138	0.0528572975	0.0432054956	-0.0553455152	0.2584039735	-0.0319793267	0.0297913417
