#real_cutoff=2
#reciprocal_cutoff=4
#r0 - r0 : [0.0, 0.0, 0.0, 0.0]
#r0 - r1 : [0.0, 0.0, 0.0, 0.0]
#r0 - r2 : [1.0000000000000002, 0.0, 0.0, 1.0000000000000002]
#r0 - r3 : [1.955352224383371, 1.3355499999999996, 1.0930009999999992, -0.9192699999999996]
#r0 - r4 : [1.4258563194855922, 1.3355499999999996, -0.16516900000000057, -0.471266]
alpha	0x	0y	0z	1x	1y	1z	2x	2y	2z	3x	3y	3z	4x	4y	4z
0.1000000000	0.0007176113	0.0006140180	-0.0018377929	0.0007176113	0.0006140180	-0.0018377929	0.0007177465	0.0006119489	-2.0020777783	0.1292931536	0.1058495001	0.0434120239	0.3209600911	-0.0389947535	0.2302368680
0.2000000000	0.0006898779	0.0005923491	-0.0022866110	0.0006898779	0.0005923491	-0.0022866110	0.0006900331	0.0005902956	-2.0025263036	0.1292652600	0.1058276931	0.0429636638	0.3209322795	-0.0390164018	0.2297882605
0.3000000000	0.0005860883	0.0005097943	-0.0030074314	0.0005860883	0.0005097943	-0.0030074314	0.0005863851	0.0005078535	-2.0032461795	0.1291612563	0.1057449193	0.0422440289	0.3208284233	-0.0390988799	0.2290679961
0.4000000000	0.0004176961	0.0003722476	-0.0037097391	0.0004176961	0.0003722476	-0.0037097391	0.0004182893	0.0003705488	-2.0039472581	0.1289930419	0.1056074489	0.0415428794	0.3206602472	-0.0392363242	0.2283662343
0.5000000000	0.0002506237	0.0002315235	-0.0042330903	0.0002506237	0.0002315235	-0.0042330903	0.0002514528	0.0002300218	-2.0044698329	0.1288264006	0.1054670535	0.0410201758	0.3204935418	-0.0393769764	0.2278431794
0.6000000000	0.0001299667	0.0001270668	-0.0045622385	0.0001299667	0.0001270668	-0.0045622385	0.0001307501	0.0001255211	-2.0047990603	0.1287060502	0.1053628721	0.0406912913	0.3203731269	-0.0394814000	0.2275141436
0.7000000000	0.0000601177	0.0000654377	-0.0047425107	0.0000601177	0.0000654377	-0.0047425107	0.0000605707	0.0000635957	-2.0049801628	0.1286363203	0.1053013663	0.0405111004	0.3203033671	-0.0395430191	0.2273339017
0.8000000000	0.0000260712	0.0000351074	-0.0048286940	0.0000260712	0.0000351074	-0.0048286940	0.0000260734	0.0000328606	-2.0050674849	0.1286023073	0.1052710711	0.0404249266	0.3202693461	-0.0395733498	0.2272477172
0.9000000000	0.0000118173	0.0000223857	-0.0048644007	0.0000118173	0.0000223857	-0.0048644007	0.0000114243	0.0000197830	-2.0051041882	0.1285880682	0.1052583571	0.0403892021	0.3202551065	-0.0395860772	0.2272119952
1.0000000000	0.0000066647	0.0000177892	-0.0048773387	0.0000066647	0.0000177892	-0.0048773387	0.0000060147	0.0000149579	-2.0051177231	0.1285829177	0.1052537581	0.0403762832	0.3202499583	-0.0395906761	0.2271990594
1.1000000000	0.0000050286	0.0000162475	-0.0048833609	0.0000050286	0.0000162475	-0.0048833609	0.0000042539	0.0000133223	-2.0051236496	0.1285812005	0.1052521539	0.0403706578	0.3202482586	-0.0395921887	0.2271932146
1.2000000000	0.0000044551	0.0000153886	-0.0048950020	0.0000044551	0.0000153886	-0.0048950020	0.0000036546	0.0000125077	-2.0051333823	0.1285801561	0.1052509175	0.0403611304	0.3202473346	-0.0395929082	0.2271825048
1.3000000000	0.0000039668	0.0000140797	-0.0049304523	0.0000039668	0.0000140797	-0.0049304523	0.0000032230	0.0000114165	-2.0051621435	0.1285779612	0.1052481719	0.0403329705	0.3202456585	-0.0395938212	0.2271501769
1.4000000000	0.0000032015	0.0000117778	-0.0050186212	0.0000032015	0.0000117778	-0.0050186212	0.0000025953	0.0000095467	-2.0052334917	0.1285725875	0.1052418769	0.0402636589	0.3202418606	-0.0395952789	0.2270699125
1.5000000000	0.0000020969	0.0000083921	-0.0051982825	0.0000020969	0.0000083921	-0.0051982825	0.0000016999	0.0000068061	-2.0053788438	0.1285614017	0.1052296387	0.0401236028	0.3202344116	-0.0395971782	0.2269066372
1.6000000000	0.0000007695	0.0000042210	-0.0055129152	0.0000007695	0.0000042210	-0.0055129152	0.0000006258	0.0000034313	-2.0056333839	0.1285411582	0.1052088226	0.0398802956	0.3202215852	-0.0395990476	0.2266213716
1.7000000000	-0.0000005869	-0.0000002156	-0.0060045186	-0.0000005869	-0.0000002156	-0.0060045186	-0.0000004717	-0.0000001582	-2.0060310774	0.1285080919	0.1051766423	0.0395032414	0.3202014484	-0.0396002034	0.2261770552
1.8000000000	-0.0000017974	-0.0000043936	-0.0067088980	-0.0000017974	-0.0000043936	-0.0067088980	-0.0000014512	-0.0000035388	-2.0066008327	0.1284580052	0.1051301381	0.0389676806	0.3201718241	-0.0395999359	0.2255429863
1.9000000000	-0.0000027606	-0.0000079437	-0.0076532964	-0.0000027606	-0.0000079437	-0.0076532964	-0.0000022309	-0.0000064121	-2.0073645123	0.1283863660	0.1050661132	0.0382564455	0.3201302747	-0.0395976435	0.2246970292
2.0000000000	-0.0000034551	-0.0000107040	-0.0088560922	-0.0000034551	-0.0000107040	-0.0088560922	-0.0000027933	-0.0000086475	-2.0083365489	0.1282884454	0.1049811193	0.0373601794	0.3200741400	-0.0395928779	0.2236258393
2.1000000000	-0.0000039142	-0.0000126890	-0.0103278658	-0.0000039142	-0.0000126890	-0.0103278658	-0.0000031655	-0.0000102566	-2.0095246004	0.1281594801	0.1048715182	0.0362764854	0.3200006187	-0.0395853214	0.2223237866
2.2000000000	-0.0000041949	-0.0000140196	-0.0120731617	-0.0000041949	-0.0000140196	-0.0120731617	-0.0000033936	-0.0000113373	-2.0109307167	0.1279948179	0.1047335917	0.0350085495	0.3199068586	-0.0395747341	0.2207912377
2.3000000000	-0.0000043549	-0.0000148561	-0.0140924507	-0.0000043549	-0.0000148561	-0.0140924507	-0.0000035240	-0.0000120186	-2.0125526618	0.1277900106	0.1045636531	0.0335636338	0.3197900206	-0.0395609043	0.2190326892
2.4000000000	-0.0000044404	-0.0000153517	-0.0163839685	-0.0000044404	-0.0000153517	-0.0163839685	-0.0000035938	-0.0000124239	-2.0143851767	0.1275408396	0.1043581210	0.0319516791	0.3196473034	-0.0395436126	0.2170550582
2.5000000000	-0.0000044832	-0.0000156292	-0.0189452441	-0.0000044832	-0.0000156292	-0.0189452441	-0.0000036291	-0.0000126523	-2.0164210746	0.1272432859	0.1041135459	0.0301841409	0.3194759285	-0.0395226141	0.2148662920
2.6000000000	-0.0000045037	-0.0000157766	-0.0217742336	-0.0000045037	-0.0000157766	-0.0217742336	-0.0000036461	-0.0000127745	-2.0186521179	0.1268934657	0.1038265940	0.0282731019	0.3192731012	-0.0394976315	0.2124743587
2.7000000000	-0.0000045133	-0.0000158509	-0.0248700521	-0.0000045133	-0.0000158509	-0.0248700521	-0.0000036540	-0.0000128368	-2.0210696690	0.1264875578	0.1034940081	0.0262306534	0.3190359617	-0.0394683540	0.2098866062
2.8000000000	-0.0000045188	-0.0000158866	-0.0282333519	-0.0000045188	-0.0000158866	-0.0282333519	-0.0000036583	-0.0000128671	-2.0236651276	0.1260217410	0.1031125628	0.0240685139	0.3187615399	-0.0394344394	0.2071094371
2.9000000000	-0.0000045252	-0.0000159031	-0.0318664223	-0.0000045252	-0.0000159031	-0.0318664223	-0.0000036625	-0.0000128813	-2.0264301854	0.1254921529	0.1026790277	0.0217978332	0.3184467214	-0.0393955164	0.2041482246
3.0000000000	-0.0000045382	-0.0000159109	-0.0357730986	-0.0000045382	-0.0000159109	-0.0357730986	-0.0000036702	-0.0000128879	-2.0293569338	0.1248948724	0.1021901472	0.0194291355	0.3180882290	-0.0393511875	0.2010073913
3.1000000000	-0.0000045680	-0.0000159163	-0.0399585587	-0.0000045680	-0.0000159163	-0.0399585587	-0.0000036870	-0.0000128916	-2.0324378622	0.1242259262	0.1016426375	0.0169723512	0.3176826184	-0.0393010319	0.1976905819
3.2000000000	-0.0000046323	-0.0000159240	-0.0444290737	-0.0000046323	-0.0000159240	-0.0444290737	-0.0000037226	-0.0000128958	-2.0356657836	0.1234813136	0.1010331992	0.0144369005	0.3172262863	-0.0392446094	0.1942008739
3.3000000000	-0.0000047626	-0.0000159410	-0.0491917550	-0.0000047626	-0.0000159410	-0.0491917550	-0.0000037930	-0.0000129041	-2.0390337161	0.1226570445	0.1003585419	0.0118317968	0.3167154884	-0.0391814650	0.1905409884
3.4000000000	-0.0000050103	-0.0000159787	-0.0542543274	-0.0000050103	-0.0000159787	-0.0542543274	-0.0000039239	-0.0000129217	-2.0425347472	0.1217491854	0.0996154164	0.0091657502	0.3161463639	-0.0391111349	0.1867134780
3.5000000000	-0.0000054559	-0.0000160570	-0.0596249382	-0.0000054559	-0.0000160570	-0.0596249382	-0.0000041539	-0.0000129577	-2.0461618962	0.1207539095	0.0988006513	0.0064472549	0.3155149639	-0.0390331535	0.1827208800
3.6000000000	-0.0000062186	-0.0000162093	-0.0653120059	-0.0000062186	-0.0000162093	-0.0653120059	-0.0000045378	-0.0000130262	-2.0499079882	0.1196675471	0.0979111905	0.0036846571	0.3148172820	-0.0389470610	0.1785658330
3.7000000000	-0.0000074680	-0.0000164883	-0.0713241037	-0.0000074680	-0.0000164883	-0.0713241037	-0.0000051505	-0.0000131490	-2.0537655462	0.1184866348	0.0969441307	0.0008861979	0.3140492867	-0.0388524123	0.1742511596
3.8000000000	-0.0000094355	-0.0000169733	-0.0776698726	-0.0000094355	-0.0000169733	-0.0776698726	-0.0000060896	-0.0000133574	-2.0577267036	0.1172079602	0.0958967560	-0.0019399659	0.3132069526	-0.0387487864	0.1697799192
3.9000000000	-0.0000124269	-0.0000177788	-0.0843579553	-0.0000124269	-0.0000177788	-0.0843579553	-0.0000074773	-0.0000136944	-2.0617831393	0.1158286034	0.0947665711	-0.0047857604	0.3122862921	-0.0386357958	0.1651554391
4.0000000000	-0.0000168333	-0.0000190630	-0.0913969458	-0.0000168333	-0.0000190630	-0.0913969458	-0.0000094615	-0.0000142168	-2.0659260322	0.1143459722	0.0935513302	-0.0076432083	0.3112833848	-0.0385130958	0.1603813273
4.1000000000	-0.0000231423	-0.0000210376	-0.0987953496	-0.0000231423	-0.0000210376	-0.0987953496	-0.0000122153	-0.0000149963	-2.0701460337	0.1127578331	0.0922490633	-0.0105044555	0.3101944060	-0.0383803928	0.1554614736
4.2000000000	-0.0000319464	-0.0000239772	-0.1065615502	-0.0000319464	-0.0000239772	-0.1065615502	-0.0000159348	-0.0000161203	-2.0744332561	0.1110623358	0.0908580984	-0.0133618032	0.3090156532	-0.0382374527	0.1504000419
4.3000000000	-0.0000439508	-0.0000282280	-0.1147037797	-0.0000439508	-0.0000282280	-0.1147037797	-0.0000208362	-0.0000176917	-2.0787772738	0.1092580329	0.0893770799	-0.0162077465	0.3077435698	-0.0380841063	0.1452014570
4.4000000000	-0.0000599776	-0.0000342163	-0.1232300914	-0.0000599776	-0.0000342163	-0.1232300914	-0.0000271503	-0.0000198279	-2.0831671361	0.1073438931	0.0878049830	-0.0190350132	0.3063747674	-0.0379202550	0.1398703876
4.5000000000	-0.0000809692	-0.0000424549	-0.1321483348	-0.0000809692	-0.0000424549	-0.1321483348	-0.0000351169	-0.0000226589	-2.0875913881	0.1053193108	0.0861411249	-0.0218366031	0.3049060451	-0.0377458732	0.1344117272
4.6000000000	-0.0001079879	-0.0000535492	-0.1414661307	-0.0001079879	-0.0000535492	-0.1414661307	-0.0000449777	-0.0000263237	-2.0920381005	0.1031841092	0.0843851711	-0.0246058251	0.3033344060	-0.0375610103	0.1288305745
4.7000000000	-0.0001422145	-0.0000682004	-0.1511908473	-0.0001422145	-0.0000682004	-0.1511908473	-0.0000569683	-0.0000309670	-2.0964949050	0.1009385395	0.0825371386	-0.0273363317	0.3016570726	-0.0373657899	0.1231322126
4.8000000000	-0.0001849437	-0.0000872075	-0.1613295771	-0.0001849437	-0.0000872075	-0.1613295771	-0.0000713103	-0.0000367342	-2.1009490357	0.0985832767	0.0805973958	-0.0300221497	0.2998714982	-0.0371604083	0.1173220890
4.9000000000	-0.0002375779	-0.0001114677	-0.1718891150	-0.0002375779	-0.0001114677	-0.1718891150	-0.0000882030	-0.0000437666	-2.1053873742	0.0961194103	0.0785666582	-0.0326577066	0.2979753774	-0.0369451310	0.1114057948
