#real_cutoff=5
#reciprocal_cutoff=7
#r0 - r0 : [0.0, 0.0, 0.0, 0.0]
#r0 - r1 : [0.0, 0.0, 0.0, 0.0]
#r0 - r2 : [1.0000000000000002, 0.0, 0.0, 1.0000000000000002]
#r0 - r3 : [1.955352224383371, 1.3355499999999996, 1.0930009999999992, -0.9192699999999996]
#r0 - r4 : [1.4258563194855922, 1.3355499999999996, -0.16516900000000057, -0.471266]
alpha	0x	0y	0z	1x	1y	1z	2x	2y	2z	3x	3y	3z	4x	4y	4z
0.1000000000	0.0006740596	0.0005811706	-0.0024283393	0.0006740596	0.0005811706	-0.0024283393	0.0006734156	0.0005783515	-2.0026689764	0.1292501512	0.1058170134	0.0428245335	0.3209171982	-0.0390273713	0.2296477015
0.2000000000	0.0003523740	0.0003182475	-0.0039221464	0.0003523740	0.0003182475	-0.0039221464	0.0003518393	0.0003155178	-2.0041622912	0.1289284965	0.1055540916	0.0413312292	0.3205955711	-0.0392902525	0.2281541315
0.3000000000	0.0000919920	0.0000937978	-0.0046595149	0.0000919920	0.0000937978	-0.0046595149	0.0000914495	0.0000910591	-2.0048996546	0.1286682470	0.1053297555	0.0405940069	0.3203352951	-0.0395146842	0.2274168281
0.4000000000	0.0000173047	0.0000273760	-0.0048499104	0.0000173047	0.0000273760	-0.0048499104	0.0000165836	0.0000244775	-2.0050905003	0.1285935771	0.1052633529	0.0404036242	0.3202606203	-0.0395811044	0.2272264373
0.5000000000	0.0000056476	0.0000169276	-0.0048792985	0.0000056476	0.0000169276	-0.0048792985	0.0000048174	0.0000139311	-2.0051201637	0.1285819204	0.1052529051	0.0403742364	0.3202489635	-0.0395915527	0.2271970493
0.6000000000	0.0000045776	0.0000159677	-0.0048819944	0.0000045776	0.0000159677	-0.0048819944	0.0000037210	0.0000129475	-2.0051229261	0.1285808505	0.1052519452	0.0403715405	0.3202478935	-0.0395925126	0.2271943534
0.7000000000	0.0000045207	0.0000159165	-0.0048821380	0.0000045207	0.0000159165	-0.0048821380	0.0000036610	0.0000128937	-2.0051230773	0.1285807935	0.1052518941	0.0403713969	0.3202478366	-0.0395925638	0.2271942098
0.8000000000	0.0000045189	0.0000159150	-0.0048821426	0.0000045189	0.0000159150	-0.0048821426	0.0000036591	0.0000128920	-2.0051230823	0.1285807917	0.1052518925	0.0403713923	0.3202478348	-0.0395925653	0.2271942052
0.9000000000	0.0000045187	0.0000159137	-0.0048821567	0.0000045187	0.0000159137	-0.0048821567	0.0000036589	0.0000128909	-2.0051230937	0.1285807911	0.1052518910	0.0403713807	0.3202478341	-0.0395925663	0.2271941924
1.0000000000	0.0000045144	0.0000158946	-0.0048824170	0.0000045144	0.0000158946	-0.0048824170	0.0000036554	0.0000128755	-2.0051233043	0.1285807775	0.1052518662	0.0403711677	0.3202478214	-0.0395925805	0.2271939551
1.1000000000	0.0000044800	0.0000157673	-0.0048846062	0.0000044800	0.0000157673	-0.0048846062	0.0000036276	0.0000127725	-2.0051250755	0.1285806552	0.1052516747	0.0403693962	0.3202477151	-0.0395926731	0.2271919581
1.2000000000	0.0000043343	0.0000152835	-0.0048952637	0.0000043343	0.0000152835	-0.0048952637	0.0000035097	0.0000123811	-2.0051336976	0.1285800361	0.1052508125	0.0403608631	0.3202472153	-0.0395930146	0.2271822394
1.3000000000	0.0000039439	0.0000140598	-0.0049304995	0.0000039439	0.0000140598	-0.0049304995	0.0000031938	0.0000113911	-2.0051622039	0.1285779384	0.1052481520	0.0403329217	0.3202456359	-0.0395938414	0.2271501287
1.4000000000	0.0000031978	0.0000117745	-0.0050186285	0.0000031978	0.0000117745	-0.0050186285	0.0000025902	0.0000095423	-2.0052335018	0.1285725838	0.1052418737	0.0402636513	0.3202418570	-0.0395952822	0.2270699050
1.5000000000	0.0000020964	0.0000083916	-0.0051982835	0.0000020964	0.0000083916	-0.0051982835	0.0000016991	0.0000068054	-2.0053788452	0.1285614011	0.1052296382	0.0401236018	0.3202344111	-0.0395971786	0.2269066362
1.6000000000	0.0000007695	0.0000042210	-0.0055129153	0.0000007695	0.0000042210	-0.0055129153	0.0000006257	0.0000034312	-2.0056333841	0.1285411581	0.1052088225	0.0398802955	0.3202215852	-0.0395990477	0.2266213715
1.7000000000	-0.0000005869	-0.0000002156	-0.0060045186	-0.0000005869	-0.0000002156	-0.0060045186	-0.0000004717	-0.0000001582	-2.0060310774	0.1285080919	0.1051766423	0.0395032414	0.3202014484	-0.0396002034	0.2261770551
1.8000000000	-0.0000017974	-0.0000043936	-0.0067088980	-0.0000017974	-0.0000043936	-0.0067088980	-0.0000014512	-0.0000035388	-2.0066008327	0.1284580052	0.1051301381	0.0389676806	0.3201718241	-0.0395999359	0.2255429863
1.9000000000	-0.0000027606	-0.0000079437	-0.0076532964	-0.0000027606	-0.0000079437	-0.0076532964	-0.0000022309	-0.0000064121	-2.0073645123	0.1283863660	0.1050661132	0.0382564455	0.3201302747	-0.0395976435	0.2246970292
2.0000000000	-0.0000034551	-0.0000107040	-0.0088560922	-0.0000034551	-0.0000107040	-0.0088560922	-0.0000027933	-0.0000086475	-2.0083365489	0.1282884454	0.1049811193	0.0373601794	0.3200741400	-0.0395928779	0.2236258393
2.1000000000	-0.0000039142	-0.0000126890	-0.0103278658	-0.0000039142	-0.0000126890	-0.0103278658	-0.0000031655	-0.0000102566	-2.0095246004	0.1281594801	0.1048715182	0.0362764854	0.3200006187	-0.0395853214	0.2223237866
2.2000000000	-0.0000041949	-0.0000140196	-0.0120731617	-0.0000041949	-0.0000140196	-0.0120731617	-0.0000033936	-0.0000113373	-2.0109307167	0.1279948179	0.1047335917	0.0350085495	0.3199068586	-0.0395747341	0.2207912377
2.3000000000	-0.0000043549	-0.0000148561	-0.0140924507	-0.0000043549	-0.0000148561	-0.0140924507	-0.0000035240	-0.0000120186	-2.0125526618	0.1277900106	0.1045636531	0.0335636338	0.3197900206	-0.0395609043	0.2190326892
2.4000000000	-0.0000044403	-0.0000153517	-0.0163839685	-0.0000044403	-0.0000153517	-0.0163839685	-0.0000035938	-0.0000124239	-2.0143851767	0.1275408396	0.1043581210	0.0319516791	0.3196473034	-0.0395436126	0.2170550582
2.5000000000	-0.0000044832	-0.0000156292	-0.0189452441	-0.0000044832	-0.0000156292	-0.0189452441	-0.0000036291	-0.0000126523	-2.0164210746	0.1272432859	0.1041135459	0.0301841410	0.3194759284	-0.0395226141	0.2148662920
2.6000000000	-0.0000045035	-0.0000157766	-0.0217742337	-0.0000045035	-0.0000157766	-0.0217742337	-0.0000036460	-0.0000127745	-2.0186521180	0.1268934655	0.1038265940	0.0282731019	0.3192731010	-0.0394976315	0.2124743587
2.7000000000	-0.0000045126	-0.0000158509	-0.0248700524	-0.0000045126	-0.0000158509	-0.0248700524	-0.0000036536	-0.0000128368	-2.0210696692	0.1264875572	0.1034940081	0.0262306537	0.3190359610	-0.0394683539	0.2098866064
2.8000000000	-0.0000045164	-0.0000158866	-0.0282333531	-0.0000045164	-0.0000158866	-0.0282333531	-0.0000036569	-0.0000128671	-2.0236651281	0.1260217390	0.1031125628	0.0240685149	0.3187615375	-0.0394344389	0.2071094380
2.9000000000	-0.0000045180	-0.0000159030	-0.0318664261	-0.0000045180	-0.0000159030	-0.0318664261	-0.0000036582	-0.0000128812	-2.0264301871	0.1254921467	0.1026790276	0.0217978365	0.3184467142	-0.0393955147	0.2041482275
3.0000000000	-0.0000045186	-0.0000159101	-0.0357731093	-0.0000045186	-0.0000159101	-0.0357731093	-0.0000036587	-0.0000128875	-2.0293569387	0.1248948555	0.1021901467	0.0194291446	0.3180882093	-0.0393511824	0.2010073993
3.1000000000	-0.0000045188	-0.0000159131	-0.0399585864	-0.0000045188	-0.0000159131	-0.0399585864	-0.0000036589	-0.0000128902	-2.0324378746	0.1242258844	0.1016426356	0.0169723744	0.3176825691	-0.0393010182	0.1976906018
3.2000000000	-0.0000045189	-0.0000159143	-0.0444291398	-0.0000045189	-0.0000159143	-0.0444291398	-0.0000036590	-0.0000128913	-2.0356658121	0.1234812184	0.1010331929	0.0144369552	0.3172261726	-0.0392445758	0.1942009197
3.3000000000	-0.0000045189	-0.0000159147	-0.0491919018	-0.0000045189	-0.0000159147	-0.0491919018	-0.0000036590	-0.0000128917	-2.0390337773	0.1226568423	0.1003585245	0.0118319171	0.3167152443	-0.0391813889	0.1905410866
3.4000000000	-0.0000045189	-0.0000159149	-0.0542546338	-0.0000045189	-0.0000159149	-0.0542546338	-0.0000036590	-0.0000128918	-2.0425348701	0.1217487825	0.0996153741	0.0091659978	0.3161458717	-0.0391109741	0.1867136759
3.5000000000	-0.0000045189	-0.0000159149	-0.0596255424	-0.0000045189	-0.0000159149	-0.0596255424	-0.0000036590	-0.0000128919	-2.0461621293	0.1207531507	0.0988005575	0.0064477367	0.3155140252	-0.0390328329	0.1827212571
3.6000000000	-0.0000045189	-0.0000159150	-0.0653131389	-0.0000045189	-0.0000159150	-0.0653131389	-0.0000036590	-0.0000128919	-2.0499084076	0.1196661885	0.0979109977	0.0036855481	0.3148155789	-0.0389464553	0.1785665172
3.7000000000	-0.0000045189	-0.0000159150	-0.0713261351	-0.0000045189	-0.0000159150	-0.0713261351	-0.0000036590	-0.0000128919	-2.0537662659	0.1184843093	0.0969437592	0.0008877724	0.3140463315	-0.0388513216	0.1742523471
3.8000000000	-0.0000045189	-0.0000159150	-0.0776733707	-0.0000045189	-0.0000159150	-0.0776733707	-0.0000036590	-0.0000128919	-2.0577278868	0.1172041379	0.0958960795	-0.0019372950	0.3132020254	-0.0387469053	0.1697819012
3.9000000000	-0.0000045189	-0.0000159150	-0.0843637644	-0.0000045189	-0.0000159150	-0.0843637644	-0.0000036590	-0.0000128919	-2.0617850096	0.1158225461	0.0947653983	-0.0047813933	0.3122783668	-0.0386326753	0.1651586323
4.0000000000	-0.0000045190	-0.0000159150	-0.0914062823	-0.0000045190	-0.0000159150	-0.0914062823	-0.0000036590	-0.0000128919	-2.0659288834	0.1143366849	0.0935493840	-0.0076363018	0.3112710433	-0.0385080985	0.1603863116
4.1000000000	-0.0000045192	-0.0000159150	-0.0988099179	-0.0000045192	-0.0000159150	-0.0988099179	-0.0000036591	-0.0000128919	-2.0701502369	0.1127440131	0.0922459571	-0.0104938570	0.3101757417	-0.0383726413	0.1554690346
4.2000000000	-0.0000045195	-0.0000159149	-0.1065836803	-0.0000045195	-0.0000159149	-0.1065836803	-0.0000036591	-0.0000128919	-2.0744392610	0.1110423230	0.0908533107	-0.0133459788	0.3089881659	-0.0382257725	0.1504112191
4.3000000000	-0.0000045204	-0.0000159149	-0.1147365871	-0.0000045204	-0.0000159149	-0.1147365871	-0.0000036592	-0.0000128919	-2.0787856022	0.1092297626	0.0893699293	-0.0161847012	0.3077040533	-0.0380669649	0.1452175971
4.4000000000	-0.0000045223	-0.0000159149	-0.1232776603	-0.0000045223	-0.0000159149	-0.1232776603	-0.0000036595	-0.0000128919	-2.0831783639	0.1073048544	0.0877946036	-0.0190022074	0.3063191920	-0.0378956976	0.1398932025
4.5000000000	-0.0000045260	-0.0000159150	-0.1322159241	-0.0000045260	-0.0000159150	-0.1322159241	-0.0000036599	-0.0000128919	-2.0876061139	0.1052665117	0.0861264447	-0.0217908647	0.3048294371	-0.0377114583	0.1344433559
4.6000000000	-0.0000045332	-0.0000159152	-0.1415604035	-0.0000045332	-0.0000159152	-0.1415604035	-0.0000036607	-0.0000128918	-2.0920568966	0.1031140519	0.0843648940	-0.0245432610	0.3032307270	-0.0375137447	0.1288736482
4.7000000000	-0.0000045467	-0.0000159158	-0.1513201233	-0.0000045467	-0.0000159158	-0.1513201233	-0.0000036621	-0.0000128917	-2.0965182486	0.1008472068	0.0825097327	-0.0272522391	0.3015191001	-0.0373020673	0.1231899224
4.8000000000	-0.0000045706	-0.0000159171	-0.1615041080	-0.0000045706	-0.0000159171	-0.1615041080	-0.0000036642	-0.0000128916	-2.1009772168	0.0984661299	0.0805610868	-0.0299109296	0.2996907100	-0.0370759509	0.1173982546
4.9000000000	-0.0000046119	-0.0000159201	-0.1721213801	-0.0000046119	-0.0000159201	-0.1721213801	-0.0000036673	-0.0000128913	-2.1054203793	0.0959714006	0.0785194317	-0.0325127814	0.2977418413	-0.0368349370	0.1115049348
