1166822023268471530
1459641077189407551
1626003080626933425
1772473676619879498
1798170350764803698
2106201446672597769
3433959882361045382
3480529044979816587
4011847797300073269
4264009227203633758
4265217056002944362
448561266539133563
4664316564572683968
4690579095467314999
5167095643924501141
5661581634962879962
6126791657595195268
614788180115411183
6743113059194068918
7162789964154727530
7162956035865216809
7313285243510062784
737512391507751651
7496545421156284377
7776859861177388107
7887053858915275330
7953967825861510775
8115360004757329871
8133193058845951687
8187462134449735362
8431859731857672866
8723959628078943082
8836368179593616713
