#real_cutoff=2
#reciprocal_cutoff=8
alpha	0x	0y	0z	1x	1y	1z	2x	2y	2z	3x	3y	3z	4x	4y	4z
0.1000000000	0.0000000000	0.0000000000	0.0167190945	-4.0000909930	0.0000000000	-1.4700436068	4.0000909930	0.0000000000	-1.4700436068	0.0000000000	4.0000909930	-1.4700436068	0.0000000000	-4.0000909930	-1.4700436068
0.2000000000	-0.0000000000	-0.0000000000	0.0153123669	-4.0000905509	0.0000000000	-1.4714497314	4.0000905509	-0.0000000000	-1.4714497314	-0.0000000000	4.0000905509	-1.4714497314	-0.0000000000	-4.0000905509	-1.4714497314
0.3000000000	-0.0000000000	-0.0000000000	0.0141554810	-4.0000897786	-0.0000000000	-1.4726065732	4.0000897786	-0.0000000000	-1.4726065732	0.0000000000	4.0000897786	-1.4726065732	-0.0000000000	-4.0000897786	-1.4726065732
0.4000000000	-0.0000000000	0.0000000000	0.0138130748	-4.0000894366	0.0000000000	-1.4729500398	4.0000894366	-0.0000000000	-1.4729500398	0.0000000000	4.0000894366	-1.4729500398	0.0000000000	-4.0000894366	-1.4729500398
0.5000000000	-0.0000000000	-0.0000000000	0.0137750247	-4.0000893853	-0.0000000000	-1.4729886125	4.0000893853	-0.0000000000	-1.4729886125	0.0000000000	4.0000893853	-1.4729886125	-0.0000000000	-4.0000893853	-1.4729886125
0.6000000000	-0.0000000000	0.0000000000	0.0137805414	-4.0000893002	-0.0000000000	-1.4729833623	4.0000893002	-0.0000000000	-1.4729833623	-0.0000000000	4.0000893002	-1.4729833623	0.0000000000	-4.0000893002	-1.4729833623
0.7000000000	0.0000000000	0.0000000000	0.0137942295	-4.0000890103	0.0000000000	-1.4729700078	4.0000890103	0.0000000000	-1.4729700078	-0.0000000000	4.0000890103	-1.4729700078	0.0000000000	-4.0000890103	-1.4729700078
0.8000000000	0.0000000000	-0.0000000000	0.0138054455	-4.0000885974	-0.0000000000	-1.4729589805	4.0000885974	-0.0000000000	-1.4729589805	-0.0000000000	4.0000885974	-1.4729589805	0.0000000000	-4.0000885974	-1.4729589805
0.9000000000	0.0000000000	0.0000000000	0.0138106721	-4.0000882791	-0.0000000000	-1.4729537834	4.0000882791	-0.0000000000	-1.4729537834	0.0000000000	4.0000882791	-1.4729537834	0.0000000000	-4.0000882791	-1.4729537834
1.0000000000	-0.0000000000	-0.0000000000	0.0138122868	-4.0000881237	0.0000000000	-1.4729521518	4.0000881237	0.0000000000	-1.4729521518	-0.0000000000	4.0000881237	-1.4729521518	-0.0000000000	-4.0000881237	-1.4729521518
1.1000000000	-0.0000000000	0.0000000000	0.0138126479	-4.0000880708	-0.0000000000	-1.4729517788	4.0000880708	-0.0000000000	-1.4729517788	-0.0000000000	4.0000880708	-1.4729517788	-0.0000000000	-4.0000880708	-1.4729517788
1.2000000000	-0.0000000000	-0.0000000000	0.0138127097	-4.0000880575	-0.0000000000	-1.4729517132	4.0000880575	0.0000000000	-1.4729517132	0.0000000000	4.0000880575	-1.4729517132	-0.0000000000	-4.0000880575	-1.4729517132
1.3000000000	0.0000000000	-0.0000000000	0.0138127181	-4.0000880549	0.0000000000	-1.4729517039	4.0000880549	0.0000000000	-1.4729517039	0.0000000000	4.0000880549	-1.4729517039	0.0000000000	-4.0000880549	-1.4729517039
1.4000000000	0.0000000000	-0.0000000000	0.0138127190	-4.0000880545	0.0000000000	-1.4729517029	4.0000880545	0.0000000000	-1.4729517029	-0.0000000000	4.0000880545	-1.4729517029	0.0000000000	-4.0000880545	-1.4729517029
1.5000000000	0.0000000000	0.0000000000	0.0138127191	-4.0000880545	0.0000000000	-1.4729517028	4.0000880545	0.0000000000	-1.4729517028	-0.0000000000	4.0000880545	-1.4729517028	0.0000000000	-4.0000880545	-1.4729517028
1.6000000000	0.0000000000	-0.0000000000	0.0138127191	-4.0000880545	-0.0000000000	-1.4729517028	4.0000880545	-0.0000000000	-1.4729517028	0.0000000000	4.0000880545	-1.4729517028	-0.0000000000	-4.0000880545	-1.4729517028
1.7000000000	0.0000000000	-0.0000000000	0.0138127191	-4.0000880545	-0.0000000000	-1.4729517028	4.0000880545	-0.0000000000	-1.4729517028	0.0000000000	4.0000880545	-1.4729517028	-0.0000000000	-4.0000880545	-1.4729517028
1.8000000000	0.0000000000	0.0000000000	0.0138127191	-4.0000880545	-0.0000000000	-1.4729517028	4.0000880545	-0.0000000000	-1.4729517028	0.0000000000	4.0000880545	-1.4729517028	-0.0000000000	-4.0000880545	-1.4729517028
1.9000000000	0.0000000000	0.0000000000	0.0138127191	-4.0000880545	-0.0000000000	-1.4729517028	4.0000880545	-0.0000000000	-1.4729517028	-0.0000000000	4.0000880545	-1.4729517028	0.0000000000	-4.0000880545	-1.4729517028
2.0000000000	-0.0000000000	-0.0000000000	0.0138127191	-4.0000880545	-0.0000000000	-1.4729517028	4.0000880545	-0.0000000000	-1.4729517028	-0.0000000000	4.0000880545	-1.4729517028	0.0000000000	-4.0000880545	-1.4729517028
2.1000000000	-0.0000000000	-0.0000000000	0.0138127191	-4.0000880545	-0.0000000000	-1.4729517028	4.0000880545	-0.0000000000	-1.4729517028	0.0000000000	4.0000880545	-1.4729517028	-0.0000000000	-4.0000880545	-1.4729517028
2.2000000000	-0.0000000000	-0.0000000000	0.0138127191	-4.0000880545	0.0000000000	-1.4729517028	4.0000880545	-0.0000000000	-1.4729517028	0.0000000000	4.0000880545	-1.4729517028	-0.0000000000	-4.0000880545	-1.4729517028
2.3000000000	0.0000000000	0.0000000000	0.0138127191	-4.0000880545	0.0000000000	-1.4729517028	4.0000880545	0.0000000000	-1.4729517028	-0.0000000000	4.0000880545	-1.4729517028	-0.0000000000	-4.0000880545	-1.4729517028
2.4000000000	-0.0000000000	-0.0000000000	0.0138127191	-4.0000880545	-0.0000000000	-1.4729517028	4.0000880545	-0.0000000000	-1.4729517028	0.0000000000	4.0000880545	-1.4729517028	-0.0000000000	-4.0000880545	-1.4729517028
2.5000000000	0.0000000000	0.0000000000	0.0138127191	-4.0000880545	0.0000000000	-1.4729517028	4.0000880545	0.0000000000	-1.4729517028	0.0000000000	4.0000880545	-1.4729517028	-0.0000000000	-4.0000880545	-1.4729517028
2.6000000000	-0.0000000000	0.0000000000	0.0138127191	-4.0000880545	-0.0000000000	-1.4729517028	4.0000880545	0.0000000000	-1.4729517028	0.0000000000	4.0000880545	-1.4729517028	-0.0000000000	-4.0000880545	-1.4729517028
2.7000000000	-0.0000000000	-0.0000000000	0.0138127191	-4.0000880545	-0.0000000000	-1.4729517028	4.0000880545	-0.0000000000	-1.4729517028	0.0000000000	4.0000880545	-1.4729517028	-0.0000000000	-4.0000880545	-1.4729517028
2.8000000000	-0.0000000000	0.0000000000	0.0138127191	-4.0000880545	-0.0000000000	-1.4729517028	4.0000880545	0.0000000000	-1.4729517028	-0.0000000000	4.0000880545	-1.4729517028	0.0000000000	-4.0000880545	-1.4729517028
2.9000000000	-0.0000000000	-0.0000000000	0.0138127191	-4.0000880545	0.0000000000	-1.4729517027	4.0000880545	-0.0000000000	-1.4729517027	-0.0000000000	4.0000880545	-1.4729517027	0.0000000000	-4.0000880545	-1.4729517027
3.0000000000	0.0000000000	0.0000000000	0.0138127189	-4.0000880545	-0.0000000000	-1.4729517026	4.0000880545	-0.0000000000	-1.4729517026	0.0000000000	4.0000880545	-1.4729517026	-0.0000000000	-4.0000880545	-1.4729517026
3.1000000000	-0.0000000000	0.0000000000	0.0138127184	-4.0000880544	0.0000000000	-1.4729517023	4.0000880544	-0.0000000000	-1.4729517023	0.0000000000	4.0000880544	-1.4729517023	-0.0000000000	-4.0000880544	-1.4729517023
3.2000000000	0.0000000000	-0.0000000000	0.0138127167	-4.0000880544	-0.0000000000	-1.4729517011	4.0000880544	0.0000000000	-1.4729517011	-0.0000000000	4.0000880544	-1.4729517011	-0.0000000000	-4.0000880544	-1.4729517011
3.3000000000	-0.0000000000	-0.0000000000	0.0138127115	-4.0000880542	0.0000000000	-1.4729516977	4.0000880542	0.0000000000	-1.4729516977	-0.0000000000	4.0000880542	-1.4729516977	0.0000000000	-4.0000880542	-1.4729516977
3.4000000000	-0.0000000000	0.0000000000	0.0138126973	-4.0000880535	-0.0000000000	-1.4729516884	4.0000880535	-0.0000000000	-1.4729516884	-0.0000000000	4.0000880535	-1.4729516884	0.0000000000	-4.0000880535	-1.4729516884
3.5000000000	0.0000000000	-0.0000000000	0.0138126619	-4.0000880519	-0.0000000000	-1.4729516652	4.0000880519	-0.0000000000	-1.4729516652	0.0000000000	4.0000880519	-1.4729516652	-0.0000000000	-4.0000880519	-1.4729516652
3.6000000000	0.0000000000	-0.0000000000	0.0138125800	-4.0000880478	-0.0000000000	-1.4729516117	4.0000880478	-0.0000000000	-1.4729516117	-0.0000000000	4.0000880478	-1.4729516117	0.0000000000	-4.0000880478	-1.4729516117
3.7000000000	-0.0000000000	-0.0000000000	0.0138124030	-4.0000880386	0.0000000000	-1.4729514964	4.0000880386	0.0000000000	-1.4729514964	0.0000000000	4.0000880386	-1.4729514964	-0.0000000000	-4.0000880386	-1.4729514964
3.8000000000	0.0000000000	-0.0000000000	0.0138120428	-4.0000880191	0.0000000000	-1.4729512625	4.0000880191	0.0000000000	-1.4729512625	-0.0000000000	4.0000880191	-1.4729512625	0.0000000000	-4.0000880191	-1.4729512625
3.9000000000	-0.0000000000	-0.0000000000	0.0138113483	-4.0000879798	0.0000000000	-1.4729508129	4.0000879798	0.0000000000	-1.4729508129	0.0000000000	4.0000879798	-1.4729508129	-0.0000000000	-4.0000879798	-1.4729508129
4.0000000000	-0.0000000000	-0.0000000000	0.0138100729	-4.0000879046	-0.0000000000	-1.4729499897	4.0000879046	0.0000000000	-1.4729499897	0.0000000000	4.0000879046	-1.4729499897	-0.0000000000	-4.0000879046	-1.4729499897
4.1000000000	-0.0000000000	-0.0000000000	0.0138078312	-4.0000877670	-0.0000000000	-1.4729485472	4.0000877670	-0.0000000000	-1.4729485472	0.0000000000	4.0000877670	-1.4729485472	-0.0000000000	-4.0000877670	-1.4729485472
4.2000000000	0.0000000000	-0.0000000000	0.0138040446	-4.0000875255	-0.0000000000	-1.4729461179	4.0000875255	-0.0000000000	-1.4729461179	-0.0000000000	4.0000875255	-1.4729461179	-0.0000000000	-4.0000875255	-1.4729461179
4.3000000000	0.0000000000	-0.0000000000	0.0137978743	-4.0000871174	0.0000000000	-1.4729421710	4.0000871174	0.0000000000	-1.4729421710	0.0000000000	4.0000871174	-1.4729421710	-0.0000000000	-4.0000871174	-1.4729421710
4.4000000000	0.0000000000	0.0000000000	0.0137881424	-4.0000864510	-0.0000000000	-1.4729359643	4.0000864510	-0.0000000000	-1.4729359643	-0.0000000000	4.0000864510	-1.4729359643	0.0000000000	-4.0000864510	-1.4729359643
4.5000000000	0.0000000000	-0.0000000000	0.0137732429	-4.0000853961	0.0000000000	-1.4729264901	4.0000853961	-0.0000000000	-1.4729264901	0.0000000000	4.0000853961	-1.4729264901	-0.0000000000	-4.0000853961	-1.4729264901
4.6000000000	-0.0000000000	-0.0000000000	0.0137510416	-4.0000837734	0.0000000000	-1.4729124151	4.0000837734	0.0000000000	-1.4729124151	-0.0000000000	4.0000837734	-1.4729124151	0.0000000000	-4.0000837734	-1.4729124151
4.7000000000	0.0000000000	-0.0000000000	0.0137187697	-4.0000813418	0.0000000000	-1.4728920172	4.0000813418	0.0000000000	-1.4728920172	0.0000000000	4.0000813418	-1.4728920172	-0.0000000000	-4.0000813418	-1.4728920172
4.8000000000	0.0000000000	0.0000000000	0.0136729117	-4.0000777847	-0.0000000000	-1.4728631207	4.0000777847	-0.0000000000	-1.4728631207	-0.0000000000	4.0000777847	-1.4728631207	0.0000000000	-4.0000777847	-1.4728631207
4.9000000000	-0.0000000000	0.0000000000	0.0136090911	-4.0000726952	-0.0000000000	-1.4728230301	4.0000726952	-0.0000000000	-1.4728230301	0.0000000000	4.0000726952	-1.4728230301	-0.0000000000	-4.0000726952	-1.4728230301
