#real_cutoff=2
#reciprocal_cutoff=7
alpha	0x	0y	0z	1x	1y	1z	2x	2y	2z	3x	3y	3z	4x	4y	4z
0.1000000000	0.0000000000	-0.0000000000	0.0049538058	-4.0007621434	0.0000000000	-1.4814287966	4.0007621434	0.0000000000	-1.4814287966	-0.0000000000	4.0007621434	-1.4814287966	-0.0000000000	-4.0007621434	-1.4814287966
0.2000000000	-0.0000000000	-0.0000000000	0.0045369976	-4.0007620852	0.0000000000	-1.4818455253	4.0007620852	0.0000000000	-1.4818455253	0.0000000000	4.0007620852	-1.4818455253	0.0000000000	-4.0007620852	-1.4818455253
0.3000000000	0.0000000000	-0.0000000000	0.0041942166	-4.0007619835	0.0000000000	-1.4821883005	4.0007619835	0.0000000000	-1.4821883005	0.0000000000	4.0007619835	-1.4821883005	-0.0000000000	-4.0007619835	-1.4821883005
0.4000000000	0.0000000000	-0.0000000000	0.0040927629	-4.0007619385	0.0000000000	-1.4822898939	4.0007619385	-0.0000000000	-1.4822898939	0.0000000000	4.0007619385	-1.4822898939	-0.0000000000	-4.0007619385	-1.4822898939
0.5000000000	-0.0000000000	-0.0000000000	0.0040814888	-4.0007619317	0.0000000000	-1.4823012368	4.0007619317	0.0000000000	-1.4823012368	-0.0000000000	4.0007619317	-1.4823012368	0.0000000000	-4.0007619317	-1.4823012368
0.6000000000	-0.0000000000	0.0000000000	0.0040831234	-4.0007619204	-0.0000000000	-1.4822996374	4.0007619204	-0.0000000000	-1.4822996374	0.0000000000	4.0007619204	-1.4822996374	-0.0000000000	-4.0007619204	-1.4822996374
0.7000000000	-0.0000000000	0.0000000000	0.0040871791	-4.0007618821	0.0000000000	-1.4822956254	4.0007618821	0.0000000000	-1.4822956254	-0.0000000000	4.0007618821	-1.4822956254	0.0000000000	-4.0007618821	-1.4822956254
0.8000000000	-0.0000000000	0.0000000000	0.0040905024	-4.0007618276	-0.0000000000	-1.4822923267	4.0007618276	-0.0000000000	-1.4822923267	0.0000000000	4.0007618276	-1.4822923267	-0.0000000000	-4.0007618276	-1.4822923267
0.9000000000	0.0000000000	0.0000000000	0.0040920510	-4.0007617857	-0.0000000000	-1.4822907817	4.0007617857	-0.0000000000	-1.4822907817	0.0000000000	4.0007617857	-1.4822907817	-0.0000000000	-4.0007617857	-1.4822907817
1.0000000000	0.0000000000	0.0000000000	0.0040925294	-4.0007617654	-0.0000000000	-1.4822903010	4.0007617654	0.0000000000	-1.4822903010	-0.0000000000	4.0007617654	-1.4822903010	0.0000000000	-4.0007617654	-1.4822903010
1.1000000000	0.0000000000	0.0000000000	0.0040926364	-4.0007617585	-0.0000000000	-1.4822901924	4.0007617585	-0.0000000000	-1.4822901924	-0.0000000000	4.0007617585	-1.4822901924	-0.0000000000	-4.0007617585	-1.4822901924
1.2000000000	-0.0000000000	-0.0000000000	0.0040926547	-4.0007617568	0.0000000000	-1.4822901736	4.0007617568	0.0000000000	-1.4822901736	-0.0000000000	4.0007617568	-1.4822901736	0.0000000000	-4.0007617568	-1.4822901736
1.3000000000	0.0000000000	-0.0000000000	0.0040926572	-4.0007617564	0.0000000000	-1.4822901710	4.0007617564	0.0000000000	-1.4822901710	0.0000000000	4.0007617564	-1.4822901710	0.0000000000	-4.0007617564	-1.4822901710
1.4000000000	0.0000000000	0.0000000000	0.0040926575	-4.0007617564	-0.0000000000	-1.4822901707	4.0007617564	-0.0000000000	-1.4822901707	0.0000000000	4.0007617564	-1.4822901707	-0.0000000000	-4.0007617564	-1.4822901707
1.5000000000	0.0000000000	0.0000000000	0.0040926575	-4.0007617564	0.0000000000	-1.4822901706	4.0007617564	0.0000000000	-1.4822901706	-0.0000000000	4.0007617564	-1.4822901706	0.0000000000	-4.0007617564	-1.4822901706
1.6000000000	0.0000000000	-0.0000000000	0.0040926575	-4.0007617564	0.0000000000	-1.4822901706	4.0007617564	0.0000000000	-1.4822901706	-0.0000000000	4.0007617564	-1.4822901706	0.0000000000	-4.0007617564	-1.4822901706
1.7000000000	-0.0000000000	0.0000000000	0.0040926575	-4.0007617564	-0.0000000000	-1.4822901706	4.0007617564	-0.0000000000	-1.4822901706	-0.0000000000	4.0007617564	-1.4822901706	0.0000000000	-4.0007617564	-1.4822901706
1.8000000000	0.0000000000	0.0000000000	0.0040926575	-4.0007617564	-0.0000000000	-1.4822901706	4.0007617564	-0.0000000000	-1.4822901706	0.0000000000	4.0007617564	-1.4822901706	-0.0000000000	-4.0007617564	-1.4822901706
1.9000000000	0.0000000000	0.0000000000	0.0040926575	-4.0007617564	0.0000000000	-1.4822901706	4.0007617564	0.0000000000	-1.4822901706	0.0000000000	4.0007617564	-1.4822901706	-0.0000000000	-4.0007617564	-1.4822901706
2.0000000000	-0.0000000000	-0.0000000000	0.0040926575	-4.0007617564	0.0000000000	-1.4822901706	4.0007617564	0.0000000000	-1.4822901706	-0.0000000000	4.0007617564	-1.4822901706	0.0000000000	-4.0007617564	-1.4822901706
2.1000000000	-0.0000000000	-0.0000000000	0.0040926575	-4.0007617564	-0.0000000000	-1.4822901706	4.0007617564	-0.0000000000	-1.4822901706	-0.0000000000	4.0007617564	-1.4822901706	0.0000000000	-4.0007617564	-1.4822901706
2.2000000000	-0.0000000000	-0.0000000000	0.0040926575	-4.0007617564	-0.0000000000	-1.4822901706	4.0007617564	0.0000000000	-1.4822901706	0.0000000000	4.0007617564	-1.4822901706	-0.0000000000	-4.0007617564	-1.4822901706
2.3000000000	-0.0000000000	0.0000000000	0.0040926575	-4.0007617564	0.0000000000	-1.4822901706	4.0007617564	0.0000000000	-1.4822901706	0.0000000000	4.0007617564	-1.4822901706	-0.0000000000	-4.0007617564	-1.4822901706
2.4000000000	-0.0000000000	-0.0000000000	0.0040926575	-4.0007617564	0.0000000000	-1.4822901706	4.0007617564	0.0000000000	-1.4822901706	-0.0000000000	4.0007617564	-1.4822901706	0.0000000000	-4.0007617564	-1.4822901706
2.5000000000	0.0000000000	0.0000000000	0.0040926575	-4.0007617564	-0.0000000000	-1.4822901706	4.0007617564	-0.0000000000	-1.4822901706	-0.0000000000	4.0007617564	-1.4822901706	0.0000000000	-4.0007617564	-1.4822901706
2.6000000000	0.0000000000	0.0000000000	0.0040926575	-4.0007617564	0.0000000000	-1.4822901706	4.0007617564	0.0000000000	-1.4822901706	0.0000000000	4.0007617564	-1.4822901706	-0.0000000000	-4.0007617564	-1.4822901706
2.7000000000	-0.0000000000	0.0000000000	0.0040926574	-4.0007617564	0.0000000000	-1.4822901707	4.0007617564	0.0000000000	-1.4822901707	-0.0000000000	4.0007617564	-1.4822901707	0.0000000000	-4.0007617564	-1.4822901707
2.8000000000	0.0000000000	0.0000000000	0.0040926572	-4.0007617564	-0.0000000000	-1.4822901707	4.0007617564	-0.0000000000	-1.4822901707	0.0000000000	4.0007617564	-1.4822901707	0.0000000000	-4.0007617564	-1.4822901707
2.9000000000	-0.0000000000	0.0000000000	0.0040926563	-4.0007617563	-0.0000000000	-1.4822901708	4.0007617563	-0.0000000000	-1.4822901708	-0.0000000000	4.0007617563	-1.4822901708	-0.0000000000	-4.0007617563	-1.4822901708
3.0000000000	0.0000000000	0.0000000000	0.0040926536	-4.0007617562	0.0000000000	-1.4822901713	4.0007617562	0.0000000000	-1.4822901713	0.0000000000	4.0007617562	-1.4822901713	0.0000000000	-4.0007617562	-1.4822901713
3.1000000000	-0.0000000000	-0.0000000000	0.0040926457	-4.0007617559	-0.0000000000	-1.4822901726	4.0007617559	-0.0000000000	-1.4822901726	0.0000000000	4.0007617559	-1.4822901726	0.0000000000	-4.0007617559	-1.4822901726
3.2000000000	-0.0000000000	-0.0000000000	0.0040926254	-4.0007617550	0.0000000000	-1.4822901759	4.0007617550	0.0000000000	-1.4822901759	-0.0000000000	4.0007617550	-1.4822901759	0.0000000000	-4.0007617550	-1.4822901759
3.3000000000	-0.0000000000	-0.0000000000	0.0040925771	-4.0007617528	0.0000000000	-1.4822901838	4.0007617528	0.0000000000	-1.4822901838	0.0000000000	4.0007617528	-1.4822901838	-0.0000000000	-4.0007617528	-1.4822901838
3.4000000000	0.0000000000	0.0000000000	0.0040924709	-4.0007617476	-0.0000000000	-1.4822902009	4.0007617476	-0.0000000000	-1.4822902009	0.0000000000	4.0007617476	-1.4822902009	-0.0000000000	-4.0007617476	-1.4822902009
3.5000000000	-0.0000000000	-0.0000000000	0.0040922526	-4.0007617363	-0.0000000000	-1.4822902356	4.0007617363	-0.0000000000	-1.4822902356	-0.0000000000	4.0007617363	-1.4822902356	-0.0000000000	-4.0007617363	-1.4822902356
3.6000000000	-0.0000000000	0.0000000000	0.0040918294	-4.0007617132	-0.0000000000	-1.4822903021	4.0007617132	0.0000000000	-1.4822903021	-0.0000000000	4.0007617132	-1.4822903021	0.0000000000	-4.0007617132	-1.4822903021
3.7000000000	-0.0000000000	0.0000000000	0.0040910520	-4.0007616684	-0.0000000000	-1.4822904224	4.0007616684	-0.0000000000	-1.4822904224	0.0000000000	4.0007616684	-1.4822904224	-0.0000000000	-4.0007616684	-1.4822904224
3.8000000000	0.0000000000	-0.0000000000	0.0040896895	-4.0007615859	0.0000000000	-1.4822906302	4.0007615859	0.0000000000	-1.4822906302	-0.0000000000	4.0007615859	-1.4822906302	0.0000000000	-4.0007615859	-1.4822906302
3.9000000000	0.0000000000	0.0000000000	0.0040874012	-4.0007614405	0.0000000000	-1.4822909733	4.0007614405	0.0000000000	-1.4822909733	0.0000000000	4.0007614405	-1.4822909733	-0.0000000000	-4.0007614405	-1.4822909733
4.0000000000	0.0000000000	-0.0000000000	0.0040837021	-4.0007611940	0.0000000000	-1.4822915179	4.0007611940	0.0000000000	-1.4822915179	0.0000000000	4.0007611940	-1.4822915179	-0.0000000000	-4.0007611940	-1.4822915179
4.1000000000	0.0000000000	0.0000000000	0.0040779246	-4.0007607909	-0.0000000000	-1.4822923519	4.0007607909	-0.0000000000	-1.4822923519	0.0000000000	4.0007607909	-1.4822923519	0.0000000000	-4.0007607909	-1.4822923519
4.2000000000	0.0000000000	-0.0000000000	0.0040691774	-4.0007601529	-0.0000000000	-1.4822935881	4.0007601529	0.0000000000	-1.4822935881	-0.0000000000	4.0007601529	-1.4822935881	0.0000000000	-4.0007601529	-1.4822935881
4.3000000000	0.0000000000	0.0000000000	0.0040563019	-4.0007591724	0.0000000000	-1.4822953668	4.0007591724	0.0000000000	-1.4822953668	0.0000000000	4.0007591724	-1.4822953668	-0.0000000000	-4.0007591724	-1.4822953668
4.4000000000	0.0000000000	-0.0000000000	0.0040378286	-4.0007577053	0.0000000000	-1.4822978574	4.0007577053	0.0000000000	-1.4822978574	0.0000000000	4.0007577053	-1.4822978574	-0.0000000000	-4.0007577053	-1.4822978574
4.5000000000	-0.0000000000	0.0000000000	0.0040119336	-4.0007555634	0.0000000000	-1.4823012591	4.0007555634	0.0000000000	-1.4823012591	0.0000000000	4.0007555634	-1.4823012591	-0.0000000000	-4.0007555634	-1.4823012591
4.6000000000	-0.0000000000	-0.0000000000	0.0039763982	-4.0007525053	-0.0000000000	-1.4823057996	4.0007525053	-0.0000000000	-1.4823057996	-0.0000000000	4.0007525053	-1.4823057996	0.0000000000	-4.0007525053	-1.4823057996
4.7000000000	0.0000000000	0.0000000000	0.0039285704	-4.0007482282	0.0000000000	-1.4823117327	4.0007482282	0.0000000000	-1.4823117327	0.0000000000	4.0007482282	-1.4823117327	-0.0000000000	-4.0007482282	-1.4823117327
4.8000000000	-0.0000000000	-0.0000000000	0.0038653327	-4.0007423575	-0.0000000000	-1.4823193347	4.0007423575	-0.0000000000	-1.4823193347	-0.0000000000	4.0007423575	-1.4823193347	0.0000000000	-4.0007423575	-1.4823193347
4.9000000000	0.0000000000	-0.0000000000	0.0037830727	-4.0007344382	0.0000000000	-1.4823288981	4.0007344382	0.0000000000	-1.4823288981	0.0000000000	4.0007344382	-1.4823288981	-0.0000000000	-4.0007344382	-1.4823288981
