#real_cutoff=2
#reciprocal_cutoff=7
alpha	0x	0y	0z	1x	1y	1z	2x	2y	2z	3x	3y	3z	4x	4y	4z
0.1000000000	-0.0000000000	0.0000000000	0.0070533680	-4.0006808720	0.0000000000	-1.4793749870	4.0006808720	0.0000000000	-1.4793749870	0.0000000000	4.0006808720	-1.4793749870	-0.0000000000	-4.0006808720	-1.4793749870
0.2000000000	-0.0000000000	0.0000000000	0.0064599048	-4.0006807671	-0.0000000000	-1.4799683071	4.0006807671	0.0000000000	-1.4799683071	0.0000000000	4.0006807671	-1.4799683071	0.0000000000	-4.0006807671	-1.4799683071
0.3000000000	0.0000000000	0.0000000000	0.0059718435	-4.0006805838	-0.0000000000	-1.4804563580	4.0006805838	-0.0000000000	-1.4804563580	-0.0000000000	4.0006805838	-1.4804563580	-0.0000000000	-4.0006805838	-1.4804563580
0.4000000000	0.0000000000	-0.0000000000	0.0058273909	-4.0006805026	-0.0000000000	-1.4806010623	4.0006805026	-0.0000000000	-1.4806010623	0.0000000000	4.0006805026	-1.4806010623	0.0000000000	-4.0006805026	-1.4806010623
0.5000000000	0.0000000000	-0.0000000000	0.0058113385	-4.0006804905	0.0000000000	-1.4806172387	4.0006804905	-0.0000000000	-1.4806172387	-0.0000000000	4.0006804905	-1.4806172387	0.0000000000	-4.0006804905	-1.4806172387
0.6000000000	-0.0000000000	-0.0000000000	0.0058136659	-4.0006804702	-0.0000000000	-1.4806149746	4.0006804702	-0.0000000000	-1.4806149746	-0.0000000000	4.0006804702	-1.4806149746	0.0000000000	-4.0006804702	-1.4806149746
0.7000000000	0.0000000000	0.0000000000	0.0058194406	-4.0006804011	0.0000000000	-1.4806092788	4.0006804011	0.0000000000	-1.4806092788	-0.0000000000	4.0006804011	-1.4806092788	0.0000000000	-4.0006804011	-1.4806092788
0.8000000000	-0.0000000000	-0.0000000000	0.0058241723	-4.0006803030	0.0000000000	-1.4806045914	4.0006803030	0.0000000000	-1.4806045914	-0.0000000000	4.0006803030	-1.4806045914	0.0000000000	-4.0006803030	-1.4806045914
0.9000000000	0.0000000000	0.0000000000	0.0058263773	-4.0006802275	-0.0000000000	-1.4806023931	4.0006802275	0.0000000000	-1.4806023931	-0.0000000000	4.0006802275	-1.4806023931	-0.0000000000	-4.0006802275	-1.4806023931
1.0000000000	0.0000000000	0.0000000000	0.0058270585	-4.0006801908	-0.0000000000	-1.4806017078	4.0006801908	-0.0000000000	-1.4806017078	0.0000000000	4.0006801908	-1.4806017078	-0.0000000000	-4.0006801908	-1.4806017078
1.1000000000	-0.0000000000	-0.0000000000	0.0058272109	-4.0006801784	-0.0000000000	-1.4806015526	4.0006801784	-0.0000000000	-1.4806015526	-0.0000000000	4.0006801784	-1.4806015526	0.0000000000	-4.0006801784	-1.4806015526
1.2000000000	0.0000000000	0.0000000000	0.0058272369	-4.0006801753	0.0000000000	-1.4806015256	4.0006801753	0.0000000000	-1.4806015256	0.0000000000	4.0006801753	-1.4806015256	-0.0000000000	-4.0006801753	-1.4806015256
1.3000000000	0.0000000000	-0.0000000000	0.0058272404	-4.0006801747	-0.0000000000	-1.4806015219	4.0006801747	-0.0000000000	-1.4806015219	-0.0000000000	4.0006801747	-1.4806015219	0.0000000000	-4.0006801747	-1.4806015219
1.4000000000	0.0000000000	-0.0000000000	0.0058272408	-4.0006801746	0.0000000000	-1.4806015214	4.0006801746	0.0000000000	-1.4806015214	0.0000000000	4.0006801746	-1.4806015214	0.0000000000	-4.0006801746	-1.4806015214
1.5000000000	0.0000000000	0.0000000000	0.0058272409	-4.0006801745	-0.0000000000	-1.4806015214	4.0006801745	-0.0000000000	-1.4806015214	-0.0000000000	4.0006801745	-1.4806015214	0.0000000000	-4.0006801745	-1.4806015214
1.6000000000	-0.0000000000	-0.0000000000	0.0058272409	-4.0006801745	0.0000000000	-1.4806015214	4.0006801745	-0.0000000000	-1.4806015214	0.0000000000	4.0006801745	-1.4806015214	-0.0000000000	-4.0006801745	-1.4806015214
1.7000000000	0.0000000000	0.0000000000	0.0058272409	-4.0006801745	0.0000000000	-1.4806015214	4.0006801745	0.0000000000	-1.4806015214	0.0000000000	4.0006801745	-1.4806015214	-0.0000000000	-4.0006801745	-1.4806015214
1.8000000000	0.0000000000	0.0000000000	0.0058272409	-4.0006801745	-0.0000000000	-1.4806015214	4.0006801745	-0.0000000000	-1.4806015214	0.0000000000	4.0006801745	-1.4806015214	-0.0000000000	-4.0006801745	-1.4806015214
1.9000000000	0.0000000000	0.0000000000	0.0058272409	-4.0006801745	-0.0000000000	-1.4806015214	4.0006801745	-0.0000000000	-1.4806015214	-0.0000000000	4.0006801745	-1.4806015214	0.0000000000	-4.0006801745	-1.4806015214
2.0000000000	0.0000000000	-0.0000000000	0.0058272409	-4.0006801745	-0.0000000000	-1.4806015214	4.0006801745	-0.0000000000	-1.4806015214	-0.0000000000	4.0006801745	-1.4806015214	0.0000000000	-4.0006801745	-1.4806015214
2.1000000000	-0.0000000000	-0.0000000000	0.0058272409	-4.0006801745	0.0000000000	-1.4806015214	4.0006801745	0.0000000000	-1.4806015214	0.0000000000	4.0006801745	-1.4806015214	-0.0000000000	-4.0006801745	-1.4806015214
2.2000000000	-0.0000000000	-0.0000000000	0.0058272409	-4.0006801745	-0.0000000000	-1.4806015214	4.0006801745	-0.0000000000	-1.4806015214	0.0000000000	4.0006801745	-1.4806015214	-0.0000000000	-4.0006801745	-1.4806015214
2.3000000000	0.0000000000	0.0000000000	0.0058272409	-4.0006801745	0.0000000000	-1.4806015214	4.0006801745	0.0000000000	-1.4806015214	0.0000000000	4.0006801745	-1.4806015214	0.0000000000	-4.0006801745	-1.4806015214
2.4000000000	0.0000000000	0.0000000000	0.0058272409	-4.0006801745	-0.0000000000	-1.4806015214	4.0006801745	-0.0000000000	-1.4806015214	-0.0000000000	4.0006801745	-1.4806015214	-0.0000000000	-4.0006801745	-1.4806015214
2.5000000000	-0.0000000000	-0.0000000000	0.0058272409	-4.0006801745	-0.0000000000	-1.4806015214	4.0006801745	-0.0000000000	-1.4806015214	-0.0000000000	4.0006801745	-1.4806015214	-0.0000000000	-4.0006801745	-1.4806015214
2.6000000000	-0.0000000000	0.0000000000	0.0058272409	-4.0006801745	-0.0000000000	-1.4806015214	4.0006801745	-0.0000000000	-1.4806015214	0.0000000000	4.0006801745	-1.4806015214	-0.0000000000	-4.0006801745	-1.4806015214
2.7000000000	-0.0000000000	-0.0000000000	0.0058272408	-4.0006801745	0.0000000000	-1.4806015214	4.0006801745	0.0000000000	-1.4806015214	0.0000000000	4.0006801745	-1.4806015214	0.0000000000	-4.0006801745	-1.4806015214
2.8000000000	0.0000000000	0.0000000000	0.0058272404	-4.0006801745	-0.0000000000	-1.4806015214	4.0006801745	-0.0000000000	-1.4806015214	-0.0000000000	4.0006801745	-1.4806015214	0.0000000000	-4.0006801745	-1.4806015214
2.9000000000	0.0000000000	0.0000000000	0.0058272392	-4.0006801745	0.0000000000	-1.4806015214	4.0006801745	0.0000000000	-1.4806015214	-0.0000000000	4.0006801745	-1.4806015214	0.0000000000	-4.0006801745	-1.4806015214
3.0000000000	0.0000000000	0.0000000000	0.0058272353	-4.0006801743	0.0000000000	-1.4806015214	4.0006801743	0.0000000000	-1.4806015214	0.0000000000	4.0006801743	-1.4806015214	-0.0000000000	-4.0006801743	-1.4806015214
3.1000000000	-0.0000000000	-0.0000000000	0.0058272241	-4.0006801738	0.0000000000	-1.4806015213	4.0006801738	0.0000000000	-1.4806015213	0.0000000000	4.0006801738	-1.4806015213	-0.0000000000	-4.0006801738	-1.4806015213
3.2000000000	0.0000000000	0.0000000000	0.0058271951	-4.0006801724	0.0000000000	-1.4806015212	4.0006801724	0.0000000000	-1.4806015212	-0.0000000000	4.0006801724	-1.4806015212	0.0000000000	-4.0006801724	-1.4806015212
3.3000000000	-0.0000000000	-0.0000000000	0.0058271264	-4.0006801688	-0.0000000000	-1.4806015208	4.0006801688	-0.0000000000	-1.4806015208	0.0000000000	4.0006801688	-1.4806015208	-0.0000000000	-4.0006801688	-1.4806015208
3.4000000000	-0.0000000000	-0.0000000000	0.0058269752	-4.0006801604	-0.0000000000	-1.4806015196	4.0006801604	0.0000000000	-1.4806015196	0.0000000000	4.0006801604	-1.4806015196	-0.0000000000	-4.0006801604	-1.4806015196
3.5000000000	0.0000000000	-0.0000000000	0.0058266643	-4.0006801422	-0.0000000000	-1.4806015168	4.0006801422	-0.0000000000	-1.4806015168	-0.0000000000	4.0006801422	-1.4806015168	0.0000000000	-4.0006801422	-1.4806015168
3.6000000000	0.0000000000	-0.0000000000	0.0058260618	-4.0006801051	-0.0000000000	-1.4806015101	4.0006801051	-0.0000000000	-1.4806015101	-0.0000000000	4.0006801051	-1.4806015101	0.0000000000	-4.0006801051	-1.4806015101
3.7000000000	-0.0000000000	-0.0000000000	0.0058249549	-4.0006800332	-0.0000000000	-1.4806014956	4.0006800332	-0.0000000000	-1.4806014956	-0.0000000000	4.0006800332	-1.4806014956	-0.0000000000	-4.0006800332	-1.4806014956
3.8000000000	0.0000000000	-0.0000000000	0.0058230149	-4.0006799010	-0.0000000000	-1.4806014660	4.0006799010	-0.0000000000	-1.4806014660	-0.0000000000	4.0006799010	-1.4806014660	-0.0000000000	-4.0006799010	-1.4806014660
3.9000000000	0.0000000000	0.0000000000	0.0058197568	-4.0006796680	-0.0000000000	-1.4806014085	4.0006796680	-0.0000000000	-1.4806014085	0.0000000000	4.0006796680	-1.4806014085	-0.0000000000	-4.0006796680	-1.4806014085
4.0000000000	0.0000000000	-0.0000000000	0.0058144899	-4.0006792735	-0.0000000000	-1.4806013023	4.0006792735	0.0000000000	-1.4806013023	0.0000000000	4.0006792735	-1.4806013023	-0.0000000000	-4.0006792735	-1.4806013023
4.1000000000	0.0000000000	0.0000000000	0.0058062637	-4.0006786292	-0.0000000000	-1.4806011141	4.0006786292	-0.0000000000	-1.4806011141	0.0000000000	4.0006786292	-1.4806011141	-0.0000000000	-4.0006786292	-1.4806011141
4.2000000000	0.0000000000	-0.0000000000	0.0057938092	-4.0006776106	-0.0000000000	-1.4806007937	4.0006776106	-0.0000000000	-1.4806007937	0.0000000000	4.0006776106	-1.4806007937	-0.0000000000	-4.0006776106	-1.4806007937
4.3000000000	0.0000000000	0.0000000000	0.0057754768	-4.0006760470	-0.0000000000	-1.4806002670	4.0006760470	-0.0000000000	-1.4806002670	-0.0000000000	4.0006760470	-1.4806002670	0.0000000000	-4.0006760470	-1.4806002670
4.4000000000	0.0000000000	-0.0000000000	0.0057491739	-4.0006737105	-0.0000000000	-1.4805994287	4.0006737105	-0.0000000000	-1.4805994287	-0.0000000000	4.0006737105	-1.4805994287	0.0000000000	-4.0006737105	-1.4805994287
4.5000000000	0.0000000000	-0.0000000000	0.0057123040	-4.0006703038	0.0000000000	-1.4805981329	4.0006703038	0.0000000000	-1.4805981329	0.0000000000	4.0006703038	-1.4805981329	-0.0000000000	-4.0006703038	-1.4805981329
4.6000000000	-0.0000000000	0.0000000000	0.0056617075	-4.0006654467	0.0000000000	-1.4805961827	4.0006654467	0.0000000000	-1.4805961827	0.0000000000	4.0006654467	-1.4805961827	-0.0000000000	-4.0006654467	-1.4805961827
4.7000000000	-0.0000000000	0.0000000000	0.0055936091	-4.0006586629	0.0000000000	-1.4805933184	4.0006586629	0.0000000000	-1.4805933184	0.0000000000	4.0006586629	-1.4805933184	-0.0000000000	-4.0006586629	-1.4805933184
4.8000000000	0.0000000000	0.0000000000	0.0055035694	-4.0006493654	0.0000000000	-1.4805892047	4.0006493654	0.0000000000	-1.4805892047	0.0000000000	4.0006493654	-1.4805892047	-0.0000000000	-4.0006493654	-1.4805892047
4.9000000000	0.0000000000	-0.0000000000	0.0053864453	-4.0006368423	0.0000000000	-1.4805834166	4.0006368423	-0.0000000000	-1.4805834166	0.0000000000	4.0006368423	-1.4805834166	-0.0000000000	-4.0006368423	-1.4805834166
5.0000000000	-0.0000000000	0.0000000000	0.0052363576	-4.0006202430	0.0000000000	-1.4805754251	4.0006202430	0.0000000000	-1.4805754251	0.0000000000	4.0006202430	-1.4805754251	-0.0000000000	-4.0006202430	-1.4805754251
