#real_cutoff=2
#reciprocal_cutoff=3
alpha	0x	0y	0z	1x	1y	1z	2x	2y	2z	3x	3y	3z	4x	4y	4z
0.1000000000	-0.0000000000	0.0000000000	0.0564269438	-3.9949221372	0.0000000000	-1.4333341833	3.9949221372	0.0000000000	-1.4333341833	0.0000000000	3.9949221372	-1.4333341833	-0.0000000000	-3.9949221372	-1.4333341833
0.2000000000	-0.0000000000	0.0000000000	0.0516792384	-3.9949187809	-0.0000000000	-1.4380773110	3.9949187809	0.0000000000	-1.4380773110	-0.0000000000	3.9949187809	-1.4380773110	-0.0000000000	-3.9949187809	-1.4380773110
0.3000000000	0.0000000000	0.0000000000	0.0477747483	-3.9949129175	0.0000000000	-1.4419814619	3.9949129175	0.0000000000	-1.4419814619	0.0000000000	3.9949129175	-1.4419814619	-0.0000000000	-3.9949129175	-1.4419814619
0.4000000000	0.0000000000	-0.0000000000	0.0466191274	-3.9949103178	-0.0000000000	-1.4431451277	3.9949103178	-0.0000000000	-1.4431451277	0.0000000000	3.9949103178	-1.4431451277	-0.0000000000	-3.9949103178	-1.4431451277
0.5000000000	0.0000000000	-0.0000000000	0.0464907083	-3.9949099270	0.0000000000	-1.4432775180	3.9949099270	0.0000000000	-1.4432775180	-0.0000000000	3.9949099270	-1.4432775180	0.0000000000	-3.9949099270	-1.4432775180
0.6000000000	-0.0000000000	-0.0000000000	0.0465093271	-3.9949092889	0.0000000000	-1.4432609244	3.9949092889	0.0000000000	-1.4432609244	0.0000000000	3.9949092889	-1.4432609244	0.0000000000	-3.9949092889	-1.4432609244
0.7000000000	0.0000000000	0.0000000000	0.0465555247	-3.9949071103	0.0000000000	-1.4432172784	3.9949071103	0.0000000000	-1.4432172784	-0.0000000000	3.9949071103	-1.4432172784	0.0000000000	-3.9949071103	-1.4432172784
0.8000000000	-0.0000000000	-0.0000000000	0.0465933787	-3.9949039934	-0.0000000000	-1.4431808946	3.9949039934	-0.0000000000	-1.4431808946	0.0000000000	3.9949039934	-1.4431808946	-0.0000000000	-3.9949039934	-1.4431808946
0.9000000000	0.0000000000	0.0000000000	0.0466110185	-3.9949015724	-0.0000000000	-1.4431635098	3.9949015724	-0.0000000000	-1.4431635098	-0.0000000000	3.9949015724	-1.4431635098	0.0000000000	-3.9949015724	-1.4431635098
1.0000000000	0.0000000000	0.0000000000	0.0466164681	-3.9949003767	-0.0000000000	-1.4431579449	3.9949003767	-0.0000000000	-1.4431579449	-0.0000000000	3.9949003767	-1.4431579449	0.0000000000	-3.9949003767	-1.4431579449
1.1000000000	-0.0000000000	-0.0000000000	0.0466176868	-3.9948999635	0.0000000000	-1.4431566397	3.9948999635	0.0000000000	-1.4431566397	-0.0000000000	3.9948999635	-1.4431566397	0.0000000000	-3.9948999635	-1.4431566397
1.2000000000	-0.0000000000	-0.0000000000	0.0466178953	-3.9948998572	-0.0000000000	-1.4431564023	3.9948998572	-0.0000000000	-1.4431564023	-0.0000000000	3.9948998572	-1.4431564023	-0.0000000000	-3.9948998572	-1.4431564023
1.3000000000	0.0000000000	-0.0000000000	0.0466179235	-3.9948998359	0.0000000000	-1.4431563676	3.9948998359	0.0000000000	-1.4431563676	0.0000000000	3.9948998359	-1.4431563676	0.0000000000	-3.9948998359	-1.4431563676
1.4000000000	-0.0000000000	-0.0000000000	0.0466179252	-3.9948998325	0.0000000000	-1.4431563634	3.9948998325	0.0000000000	-1.4431563634	0.0000000000	3.9948998325	-1.4431563634	-0.0000000000	-3.9948998325	-1.4431563634
1.5000000000	-0.0000000000	-0.0000000000	0.0466179100	-3.9948998319	0.0000000000	-1.4431563629	3.9948998319	0.0000000000	-1.4431563629	0.0000000000	3.9948998319	-1.4431563629	-0.0000000000	-3.9948998319	-1.4431563629
1.6000000000	-0.0000000000	-0.0000000000	0.0466178020	-3.9948998305	0.0000000000	-1.4431563629	3.9948998305	0.0000000000	-1.4431563629	0.0000000000	3.9948998305	-1.4431563629	0.0000000000	-3.9948998305	-1.4431563629
1.7000000000	-0.0000000000	0.0000000000	0.0466172641	-3.9948998200	-0.0000000000	-1.4431563627	3.9948998200	-0.0000000000	-1.4431563627	-0.0000000000	3.9948998200	-1.4431563627	0.0000000000	-3.9948998200	-1.4431563627
1.8000000000	-0.0000000000	-0.0000000000	0.0466152050	-3.9948997622	-0.0000000000	-1.4431563611	3.9948997622	0.0000000000	-1.4431563611	-0.0000000000	3.9948997622	-1.4431563611	0.0000000000	-3.9948997622	-1.4431563611
1.9000000000	-0.0000000000	-0.0000000000	0.0466088000	-3.9948995197	-0.0000000000	-1.4431563514	3.9948995197	-0.0000000000	-1.4431563514	0.0000000000	3.9948995197	-1.4431563514	-0.0000000000	-3.9948995197	-1.4431563514
2.0000000000	0.0000000000	0.0000000000	0.0465919195	-3.9948987013	0.0000000000	-1.4431563062	3.9948987013	0.0000000000	-1.4431563062	0.0000000000	3.9948987013	-1.4431563062	-0.0000000000	-3.9948987013	-1.4431563062
2.1000000000	-0.0000000000	0.0000000000	0.0465530211	-3.9948963834	0.0000000000	-1.4431561357	3.9948963834	0.0000000000	-1.4431561357	-0.0000000000	3.9948963834	-1.4431561357	0.0000000000	-3.9948963834	-1.4431561357
2.2000000000	0.0000000000	-0.0000000000	0.0464727266	-3.9948906962	0.0000000000	-1.4431555975	3.9948906962	0.0000000000	-1.4431555975	-0.0000000000	3.9948906962	-1.4431555975	0.0000000000	-3.9948906962	-1.4431555975
2.3000000000	0.0000000000	0.0000000000	0.0463214228	-3.9948782970	-0.0000000000	-1.4431541308	3.9948782970	-0.0000000000	-1.4431541308	0.0000000000	3.9948782970	-1.4431541308	0.0000000000	-3.9948782970	-1.4431541308
2.4000000000	0.0000000000	0.0000000000	0.0460572344	-3.9948537865	0.0000000000	-1.4431505937	3.9948537865	0.0000000000	-1.4431505937	0.0000000000	3.9948537865	-1.4431505937	0.0000000000	-3.9948537865	-1.4431505937
2.5000000000	0.0000000000	-0.0000000000	0.0456246363	-3.9948091340	0.0000000000	-1.4431428991	3.9948091340	0.0000000000	-1.4431428991	-0.0000000000	3.9948091340	-1.4431428991	0.0000000000	-3.9948091340	-1.4431428991
2.6000000000	-0.0000000000	-0.0000000000	0.0449538391	-3.9947331718	0.0000000000	-1.4431275579	3.9947331718	0.0000000000	-1.4431275579	0.0000000000	3.9947331718	-1.4431275579	-0.0000000000	-3.9947331718	-1.4431275579
2.7000000000	-0.0000000000	0.0000000000	0.0439609468	-3.9946111967	-0.0000000000	-1.4430991599	3.9946111967	-0.0000000000	-1.4430991599	0.0000000000	3.9946111967	-1.4430991599	-0.0000000000	-3.9946111967	-1.4430991599
2.8000000000	-0.0000000000	-0.0000000000	0.0425487770	-3.9944246960	-0.0000000000	-1.4430498299	3.9944246960	-0.0000000000	-1.4430498299	0.0000000000	3.9944246960	-1.4430498299	-0.0000000000	-3.9944246960	-1.4430498299
2.9000000000	0.0000000000	0.0000000000	0.0406081777	-3.9941511984	0.0000000000	-1.4429687023	3.9941511984	-0.0000000000	-1.4429687023	-0.0000000000	3.9941511984	-1.4429687023	0.0000000000	-3.9941511984	-1.4429687023
3.0000000000	-0.0000000000	-0.0000000000	0.0380196599	-3.9937642424	0.0000000000	-1.4428414508	3.9937642424	0.0000000000	-1.4428414508	0.0000000000	3.9937642424	-1.4428414508	-0.0000000000	-3.9937642424	-1.4428414508
3.1000000000	0.0000000000	0.0000000000	0.0346551802	-3.9932334501	0.0000000000	-1.4426499041	3.9932334501	0.0000000000	-1.4426499041	-0.0000000000	3.9932334501	-1.4426499041	0.0000000000	-3.9932334501	-1.4426499041
3.2000000000	-0.0000000000	-0.0000000000	0.0303799403	-3.9925246943	-0.0000000000	-1.4423717681	3.9925246943	-0.0000000000	-1.4423717681	-0.0000000000	3.9925246943	-1.4423717681	0.0000000000	-3.9925246943	-1.4423717681
3.3000000000	0.0000000000	0.0000000000	0.0250541058	-3.9916003488	0.0000000000	-1.4419804640	3.9916003488	0.0000000000	-1.4419804640	0.0000000000	3.9916003488	-1.4419804640	-0.0000000000	-3.9916003488	-1.4419804640
3.4000000000	0.0000000000	-0.0000000000	0.0185343836	-3.9904196093	-0.0000000000	-1.4414450837	3.9904196093	-0.0000000000	-1.4414450837	-0.0000000000	3.9904196093	-1.4414450837	0.0000000000	-3.9904196093	-1.4414450837
3.5000000000	0.0000000000	0.0000000000	0.0106754188	-3.9889388745	-0.0000000000	-1.4407304601	3.9889388745	0.0000000000	-1.4407304601	0.0000000000	3.9889388745	-1.4407304601	-0.0000000000	-3.9889388745	-1.4407304601
3.6000000000	0.0000000000	0.0000000000	0.0013309983	-3.9871121753	-0.0000000000	-1.4397973401	3.9871121753	-0.0000000000	-1.4397973401	0.0000000000	3.9871121753	-1.4397973401	-0.0000000000	-3.9871121753	-1.4397973401
3.7000000000	-0.0000000000	-0.0000000000	-0.0096449415	-3.9848916391	0.0000000000	-1.4386026511	3.9848916391	0.0000000000	-1.4386026511	-0.0000000000	3.9848916391	-1.4386026511	0.0000000000	-3.9848916391	-1.4386026511
3.8000000000	-0.0000000000	-0.0000000000	-0.0223974943	-3.9822279786	-0.0000000000	-1.4370998450	3.9822279786	-0.0000000000	-1.4370998450	0.0000000000	3.9822279786	-1.4370998450	-0.0000000000	-3.9822279786	-1.4370998450
3.9000000000	0.0000000000	-0.0000000000	-0.0370701361	-3.9790709922	-0.0000000000	-1.4352393083	3.9790709922	-0.0000000000	-1.4352393083	-0.0000000000	3.9790709922	-1.4352393083	0.0000000000	-3.9790709922	-1.4352393083
4.0000000000	-0.0000000000	-0.0000000000	-0.0538042322	-3.9753700678	-0.0000000000	-1.4329688220	3.9753700678	-0.0000000000	-1.4329688220	0.0000000000	3.9753700678	-1.4329688220	0.0000000000	-3.9753700678	-1.4329688220
4.1000000000	0.0000000000	-0.0000000000	-0.0727386800	-3.9710746805	0.0000000000	-1.4302340610	3.9710746805	0.0000000000	-1.4302340610	0.0000000000	3.9710746805	-1.4302340610	-0.0000000000	-3.9710746805	-1.4302340610
4.2000000000	0.0000000000	0.0000000000	-0.0940096670	-3.9661348767	-0.0000000000	-1.4269791187	3.9661348767	0.0000000000	-1.4269791187	0.0000000000	3.9661348767	-1.4269791187	-0.0000000000	-3.9661348767	-1.4269791187
4.3000000000	-0.0000000000	0.0000000000	-0.1177505251	-3.9605017418	-0.0000000000	-1.4231470483	3.9605017418	-0.0000000000	-1.4231470483	-0.0000000000	3.9605017418	-1.4231470483	0.0000000000	-3.9605017418	-1.4231470483
4.4000000000	-0.0000000000	-0.0000000000	-0.1440916629	-3.9541278438	-0.0000000000	-1.4186804095	3.9541278438	0.0000000000	-1.4186804095	-0.0000000000	3.9541278438	-1.4186804095	-0.0000000000	-3.9541278438	-1.4186804095
4.5000000000	-0.0000000000	0.0000000000	-0.1731605590	-3.9469676536	-0.0000000000	-1.4135218138	3.9469676536	-0.0000000000	-1.4135218138	-0.0000000000	3.9469676536	-1.4135218138	0.0000000000	-3.9469676536	-1.4135218138
4.6000000000	0.0000000000	0.0000000000	-0.2050818020	-3.9389779374	0.0000000000	-1.4076144594	3.9389779374	-0.0000000000	-1.4076144594	-0.0000000000	3.9389779374	-1.4076144594	0.0000000000	-3.9389779374	-1.4076144594
4.7000000000	0.0000000000	0.0000000000	-0.2399771644	-3.9301181211	0.0000000000	-1.4009026522	3.9301181211	0.0000000000	-1.4009026522	0.0000000000	3.9301181211	-1.4009026522	-0.0000000000	-3.9301181211	-1.4009026522
4.8000000000	-0.0000000000	0.0000000000	-0.2779656994	-3.9203506254	-0.0000000000	-1.3933323047	3.9203506254	-0.0000000000	-1.3933323047	0.0000000000	3.9203506254	-1.3933323047	0.0000000000	-3.9203506254	-1.3933323047
4.9000000000	0.0000000000	-0.0000000000	-0.3191638516	-3.9096411707	-0.0000000000	-1.3848514111	3.9096411707	-0.0000000000	-1.3848514111	0.0000000000	3.9096411707	-1.3848514111	-0.0000000000	-3.9096411707	-1.3848514111
5.0000000000	-0.0000000000	0.0000000000	-0.3636855763	-3.8979590523	-0.0000000000	-1.3754104932	3.8979590523	-0.0000000000	-1.3754104932	-0.0000000000	3.8979590523	-1.3754104932	0.0000000000	-3.8979590523	-1.3754104932
