#real_cutoff=2
#reciprocal_cutoff=4
alpha	0x	0y	0z	1x	1y	1z	2x	2y	2z	3x	3y	3z	4x	4y	4z
0.1000000000	-0.0000000000	0.0000000000	0.0564269438	-3.9949221372	0.0000000000	-1.4333341833	3.9949221372	0.0000000000	-1.4333341833	0.0000000000	3.9949221372	-1.4333341833	-0.0000000000	-3.9949221372	-1.4333341833
0.2000000000	-0.0000000000	0.0000000000	0.0516792384	-3.9949187809	-0.0000000000	-1.4380773110	3.9949187809	0.0000000000	-1.4380773110	-0.0000000000	3.9949187809	-1.4380773110	-0.0000000000	-3.9949187809	-1.4380773110
0.3000000000	0.0000000000	0.0000000000	0.0477747483	-3.9949129175	0.0000000000	-1.4419814619	3.9949129175	0.0000000000	-1.4419814619	0.0000000000	3.9949129175	-1.4419814619	-0.0000000000	-3.9949129175	-1.4419814619
0.4000000000	0.0000000000	-0.0000000000	0.0466191274	-3.9949103178	-0.0000000000	-1.4431451277	3.9949103178	-0.0000000000	-1.4431451277	0.0000000000	3.9949103178	-1.4431451277	-0.0000000000	-3.9949103178	-1.4431451277
0.5000000000	0.0000000000	-0.0000000000	0.0464907083	-3.9949099270	0.0000000000	-1.4432775180	3.9949099270	0.0000000000	-1.4432775180	-0.0000000000	3.9949099270	-1.4432775180	0.0000000000	-3.9949099270	-1.4432775180
0.6000000000	-0.0000000000	-0.0000000000	0.0465093271	-3.9949092889	0.0000000000	-1.4432609244	3.9949092889	0.0000000000	-1.4432609244	0.0000000000	3.9949092889	-1.4432609244	0.0000000000	-3.9949092889	-1.4432609244
0.7000000000	0.0000000000	0.0000000000	0.0465555247	-3.9949071103	0.0000000000	-1.4432172784	3.9949071103	0.0000000000	-1.4432172784	-0.0000000000	3.9949071103	-1.4432172784	0.0000000000	-3.9949071103	-1.4432172784
0.8000000000	-0.0000000000	-0.0000000000	0.0465933787	-3.9949039934	-0.0000000000	-1.4431808946	3.9949039934	-0.0000000000	-1.4431808946	0.0000000000	3.9949039934	-1.4431808946	-0.0000000000	-3.9949039934	-1.4431808946
0.9000000000	0.0000000000	0.0000000000	0.0466110185	-3.9949015724	-0.0000000000	-1.4431635098	3.9949015724	-0.0000000000	-1.4431635098	-0.0000000000	3.9949015724	-1.4431635098	0.0000000000	-3.9949015724	-1.4431635098
1.0000000000	0.0000000000	0.0000000000	0.0466164681	-3.9949003767	-0.0000000000	-1.4431579449	3.9949003767	-0.0000000000	-1.4431579449	-0.0000000000	3.9949003767	-1.4431579449	0.0000000000	-3.9949003767	-1.4431579449
1.1000000000	-0.0000000000	-0.0000000000	0.0466176868	-3.9948999635	0.0000000000	-1.4431566397	3.9948999635	0.0000000000	-1.4431566397	-0.0000000000	3.9948999635	-1.4431566397	0.0000000000	-3.9948999635	-1.4431566397
1.2000000000	-0.0000000000	0.0000000000	0.0466178953	-3.9948998572	-0.0000000000	-1.4431564023	3.9948998572	-0.0000000000	-1.4431564023	-0.0000000000	3.9948998572	-1.4431564023	-0.0000000000	-3.9948998572	-1.4431564023
1.3000000000	-0.0000000000	-0.0000000000	0.0466179236	-3.9948998359	0.0000000000	-1.4431563676	3.9948998359	0.0000000000	-1.4431563676	0.0000000000	3.9948998359	-1.4431563676	0.0000000000	-3.9948998359	-1.4431563676
1.4000000000	-0.0000000000	-0.0000000000	0.0466179267	-3.9948998325	0.0000000000	-1.4431563634	3.9948998325	0.0000000000	-1.4431563634	0.0000000000	3.9948998325	-1.4431563634	-0.0000000000	-3.9948998325	-1.4431563634
1.5000000000	0.0000000000	0.0000000000	0.0466179270	-3.9948998320	0.0000000000	-1.4431563629	3.9948998320	0.0000000000	-1.4431563629	0.0000000000	3.9948998320	-1.4431563629	-0.0000000000	-3.9948998320	-1.4431563629
1.6000000000	-0.0000000000	0.0000000000	0.0466179270	-3.9948998320	0.0000000000	-1.4431563629	3.9948998320	0.0000000000	-1.4431563629	0.0000000000	3.9948998320	-1.4431563629	0.0000000000	-3.9948998320	-1.4431563629
1.7000000000	0.0000000000	0.0000000000	0.0466179265	-3.9948998320	-0.0000000000	-1.4431563627	3.9948998320	-0.0000000000	-1.4431563627	-0.0000000000	3.9948998320	-1.4431563627	0.0000000000	-3.9948998320	-1.4431563627
1.8000000000	-0.0000000000	-0.0000000000	0.0466179222	-3.9948998319	-0.0000000000	-1.4431563611	3.9948998319	0.0000000000	-1.4431563611	-0.0000000000	3.9948998319	-1.4431563611	0.0000000000	-3.9948998319	-1.4431563611
1.9000000000	0.0000000000	0.0000000000	0.0466178962	-3.9948998312	-0.0000000000	-1.4431563514	3.9948998312	-0.0000000000	-1.4431563514	0.0000000000	3.9948998312	-1.4431563514	-0.0000000000	-3.9948998312	-1.4431563514
2.0000000000	0.0000000000	0.0000000000	0.0466177733	-3.9948998267	0.0000000000	-1.4431563062	3.9948998267	0.0000000000	-1.4431563062	0.0000000000	3.9948998267	-1.4431563062	-0.0000000000	-3.9948998267	-1.4431563062
2.1000000000	0.0000000000	-0.0000000000	0.0466173068	-3.9948998060	0.0000000000	-1.4431561357	3.9948998060	0.0000000000	-1.4431561357	-0.0000000000	3.9948998060	-1.4431561357	0.0000000000	-3.9948998060	-1.4431561357
2.2000000000	0.0000000000	-0.0000000000	0.0466158237	-3.9948997277	0.0000000000	-1.4431555975	3.9948997277	0.0000000000	-1.4431555975	-0.0000000000	3.9948997277	-1.4431555975	0.0000000000	-3.9948997277	-1.4431555975
2.3000000000	0.0000000000	0.0000000000	0.0466117548	-3.9948994795	0.0000000000	-1.4431541308	3.9948994795	-0.0000000000	-1.4431541308	0.0000000000	3.9948994795	-1.4431541308	-0.0000000000	-3.9948994795	-1.4431541308
2.4000000000	0.0000000000	-0.0000000000	0.0466018904	-3.9948987981	-0.0000000000	-1.4431505937	3.9948987981	-0.0000000000	-1.4431505937	0.0000000000	3.9948987981	-1.4431505937	-0.0000000000	-3.9948987981	-1.4431505937
2.5000000000	0.0000000000	-0.0000000000	0.0465803447	-3.9948971418	-0.0000000000	-1.4431428991	3.9948971418	-0.0000000000	-1.4431428991	-0.0000000000	3.9948971418	-1.4431428991	0.0000000000	-3.9948971418	-1.4431428991
2.6000000000	0.0000000000	0.0000000000	0.0465372736	-3.9948935075	0.0000000000	-1.4431275579	3.9948935075	0.0000000000	-1.4431275579	0.0000000000	3.9948935075	-1.4431275579	-0.0000000000	-3.9948935075	-1.4431275579
2.7000000000	-0.0000000000	0.0000000000	0.0464574424	-3.9948861955	-0.0000000000	-1.4430991599	3.9948861955	-0.0000000000	-1.4430991599	0.0000000000	3.9948861955	-1.4430991599	-0.0000000000	-3.9948861955	-1.4430991599
2.8000000000	-0.0000000000	-0.0000000000	0.0463187715	-3.9948725318	-0.0000000000	-1.4430498299	3.9948725318	0.0000000000	-1.4430498299	0.0000000000	3.9948725318	-1.4430498299	-0.0000000000	-3.9948725318	-1.4430498299
2.9000000000	-0.0000000000	0.0000000000	0.0460909929	-3.9948485652	-0.0000000000	-1.4429687024	3.9948485652	-0.0000000000	-1.4429687024	-0.0000000000	3.9948485652	-1.4429687024	0.0000000000	-3.9948485652	-1.4429687024
3.0000000000	0.0000000000	-0.0000000000	0.0457345301	-3.9948087570	-0.0000000000	-1.4428414508	3.9948087570	-0.0000000000	-1.4428414508	0.0000000000	3.9948087570	-1.4428414508	-0.0000000000	-3.9948087570	-1.4428414508
3.1000000000	-0.0000000000	0.0000000000	0.0451996780	-3.9947456853	-0.0000000000	-1.4426499042	3.9947456853	-0.0000000000	-1.4426499042	-0.0000000000	3.9947456853	-1.4426499042	0.0000000000	-3.9947456853	-1.4426499042
3.2000000000	-0.0000000000	-0.0000000000	0.0444261229	-3.9946497820	-0.0000000000	-1.4423717687	3.9946497820	-0.0000000000	-1.4423717687	-0.0000000000	3.9946497820	-1.4423717687	0.0000000000	-3.9946497820	-1.4423717687
3.3000000000	0.0000000000	0.0000000000	0.0433428035	-3.9945091179	0.0000000000	-1.4419804657	3.9945091179	0.0000000000	-1.4419804657	0.0000000000	3.9945091179	-1.4419804657	-0.0000000000	-3.9945091179	-1.4419804657
3.4000000000	-0.0000000000	-0.0000000000	0.0418680890	-3.9943092484	-0.0000000000	-1.4414450883	3.9943092484	-0.0000000000	-1.4414450883	-0.0000000000	3.9943092484	-1.4414450883	0.0000000000	-3.9943092484	-1.4414450883
3.5000000000	-0.0000000000	0.0000000000	0.0399102311	-3.9940331283	-0.0000000000	-1.4407304713	3.9940331283	-0.0000000000	-1.4407304713	-0.0000000000	3.9940331283	-1.4407304713	0.0000000000	-3.9940331283	-1.4407304713
3.6000000000	0.0000000000	0.0000000000	0.0373680340	-3.9936610982	-0.0000000000	-1.4397973657	3.9936610982	-0.0000000000	-1.4397973657	0.0000000000	3.9936610982	-1.4397973657	-0.0000000000	-3.9936610982	-1.4397973657
3.7000000000	0.0000000000	-0.0000000000	0.0341316885	-3.9931709448	-0.0000000000	-1.4386027059	3.9931709448	-0.0000000000	-1.4386027059	0.0000000000	3.9931709448	-1.4386027059	-0.0000000000	-3.9931709448	-1.4386027059
3.8000000000	-0.0000000000	-0.0000000000	0.0300837143	-3.9925380296	-0.0000000000	-1.4370999562	3.9925380296	-0.0000000000	-1.4370999562	-0.0000000000	3.9925380296	-1.4370999562	0.0000000000	-3.9925380296	-1.4370999562
3.9000000000	-0.0000000000	-0.0000000000	0.0250999612	-3.9917354825	-0.0000000000	-1.4352395228	3.9917354825	-0.0000000000	-1.4352395228	-0.0000000000	3.9917354825	-1.4352395228	0.0000000000	-3.9917354825	-1.4352395228
4.0000000000	0.0000000000	-0.0000000000	0.0190506289	-3.9907344515	0.0000000000	-1.4329692176	3.9907344515	0.0000000000	-1.4329692176	0.0000000000	3.9907344515	-1.4329692176	0.0000000000	-3.9907344515	-1.4329692176
4.1000000000	0.0000000000	0.0000000000	0.0118012704	-3.9895044004	0.0000000000	-1.4302347609	3.9895044004	0.0000000000	-1.4302347609	0.0000000000	3.9895044004	-1.4302347609	-0.0000000000	-3.9895044004	-1.4302347609
4.2000000000	0.0000000000	-0.0000000000	0.0032137531	-3.9880134458	0.0000000000	-1.4269803117	3.9880134458	0.0000000000	-1.4269803117	0.0000000000	3.9880134458	-1.4269803117	-0.0000000000	-3.9880134458	-1.4269803117
4.3000000000	-0.0000000000	0.0000000000	-0.0068528406	-3.9862287235	0.0000000000	-1.4231490136	3.9862287235	0.0000000000	-1.4231490136	-0.0000000000	3.9862287235	-1.4231490136	0.0000000000	-3.9862287235	-1.4231490136
4.4000000000	0.0000000000	0.0000000000	-0.0185413871	-3.9841167766	-0.0000000000	-1.4186835478	3.9841167766	-0.0000000000	-1.4186835478	-0.0000000000	3.9841167766	-1.4186835478	0.0000000000	-3.9841167766	-1.4186835478
4.5000000000	-0.0000000000	0.0000000000	-0.0319959765	-3.9816439562	0.0000000000	-1.4135266839	3.9816439562	0.0000000000	-1.4135266839	-0.0000000000	3.9816439562	-1.4135266839	0.0000000000	-3.9816439562	-1.4135266839
4.6000000000	-0.0000000000	0.0000000000	-0.0473612526	-3.9787768274	0.0000000000	-1.4076218217	3.9787768274	-0.0000000000	-1.4076218217	-0.0000000000	3.9787768274	-1.4076218217	0.0000000000	-3.9787768274	-1.4076218217
4.7000000000	0.0000000000	0.0000000000	-0.0647818379	-3.9754825744	-0.0000000000	-1.4009135169	3.9754825744	-0.0000000000	-1.4009135169	-0.0000000000	3.9754825744	-1.4009135169	0.0000000000	-3.9754825744	-1.4009135169
4.8000000000	-0.0000000000	0.0000000000	-0.0844018406	-3.9717293968	0.0000000000	-1.3933479861	3.9717293968	0.0000000000	-1.3933479861	0.0000000000	3.9717293968	-1.3933479861	-0.0000000000	-3.9717293968	-1.3933479861
4.9000000000	0.0000000000	-0.0000000000	-0.1063644403	-3.9674868948	0.0000000000	-1.3848735854	3.9674868948	0.0000000000	-1.3848735854	0.0000000000	3.9674868948	-1.3848735854	-0.0000000000	-3.9674868948	-1.3848735854
5.0000000000	0.0000000000	-0.0000000000	-0.1308115468	-3.9627264346	-0.0000000000	-1.3754412598	3.9627264346	0.0000000000	-1.3754412598	-0.0000000000	3.9627264346	-1.3754412598	0.0000000000	-3.9627264346	-1.3754412598
