#real_cutoff=2
#reciprocal_cutoff=7
alpha	0x	0y	0z	1x	1y	1z	2x	2y	2z	3x	3y	3z	4x	4y	4z
0.1000000000	-0.0000000000	0.0000000000	0.0564269438	-3.9949221372	0.0000000000	-1.4333341833	3.9949221372	0.0000000000	-1.4333341833	0.0000000000	3.9949221372	-1.4333341833	-0.0000000000	-3.9949221372	-1.4333341833
0.2000000000	-0.0000000000	0.0000000000	0.0516792384	-3.9949187809	-0.0000000000	-1.4380773110	3.9949187809	0.0000000000	-1.4380773110	-0.0000000000	3.9949187809	-1.4380773110	-0.0000000000	-3.9949187809	-1.4380773110
0.3000000000	0.0000000000	0.0000000000	0.0477747483	-3.9949129175	0.0000000000	-1.4419814619	3.9949129175	0.0000000000	-1.4419814619	0.0000000000	3.9949129175	-1.4419814619	-0.0000000000	-3.9949129175	-1.4419814619
0.4000000000	0.0000000000	-0.0000000000	0.0466191274	-3.9949103178	-0.0000000000	-1.4431451277	3.9949103178	-0.0000000000	-1.4431451277	0.0000000000	3.9949103178	-1.4431451277	-0.0000000000	-3.9949103178	-1.4431451277
0.5000000000	0.0000000000	-0.0000000000	0.0464907083	-3.9949099270	0.0000000000	-1.4432775180	3.9949099270	0.0000000000	-1.4432775180	-0.0000000000	3.9949099270	-1.4432775180	0.0000000000	-3.9949099270	-1.4432775180
0.6000000000	-0.0000000000	-0.0000000000	0.0465093271	-3.9949092889	0.0000000000	-1.4432609244	3.9949092889	0.0000000000	-1.4432609244	0.0000000000	3.9949092889	-1.4432609244	0.0000000000	-3.9949092889	-1.4432609244
0.7000000000	0.0000000000	0.0000000000	0.0465555247	-3.9949071103	0.0000000000	-1.4432172784	3.9949071103	0.0000000000	-1.4432172784	-0.0000000000	3.9949071103	-1.4432172784	0.0000000000	-3.9949071103	-1.4432172784
0.8000000000	-0.0000000000	-0.0000000000	0.0465933787	-3.9949039934	-0.0000000000	-1.4431808946	3.9949039934	-0.0000000000	-1.4431808946	0.0000000000	3.9949039934	-1.4431808946	-0.0000000000	-3.9949039934	-1.4431808946
0.9000000000	0.0000000000	0.0000000000	0.0466110185	-3.9949015724	-0.0000000000	-1.4431635098	3.9949015724	-0.0000000000	-1.4431635098	-0.0000000000	3.9949015724	-1.4431635098	0.0000000000	-3.9949015724	-1.4431635098
1.0000000000	0.0000000000	0.0000000000	0.0466164681	-3.9949003767	-0.0000000000	-1.4431579449	3.9949003767	-0.0000000000	-1.4431579449	-0.0000000000	3.9949003767	-1.4431579449	0.0000000000	-3.9949003767	-1.4431579449
1.1000000000	-0.0000000000	-0.0000000000	0.0466176868	-3.9948999635	0.0000000000	-1.4431566397	3.9948999635	0.0000000000	-1.4431566397	-0.0000000000	3.9948999635	-1.4431566397	0.0000000000	-3.9948999635	-1.4431566397
1.2000000000	0.0000000000	0.0000000000	0.0466178953	-3.9948998572	-0.0000000000	-1.4431564023	3.9948998572	-0.0000000000	-1.4431564023	-0.0000000000	3.9948998572	-1.4431564023	-0.0000000000	-3.9948998572	-1.4431564023
1.3000000000	0.0000000000	-0.0000000000	0.0466179236	-3.9948998359	0.0000000000	-1.4431563676	3.9948998359	0.0000000000	-1.4431563676	0.0000000000	3.9948998359	-1.4431563676	0.0000000000	-3.9948998359	-1.4431563676
1.4000000000	0.0000000000	-0.0000000000	0.0466179267	-3.9948998325	0.0000000000	-1.4431563634	3.9948998325	0.0000000000	-1.4431563634	0.0000000000	3.9948998325	-1.4431563634	-0.0000000000	-3.9948998325	-1.4431563634
1.5000000000	0.0000000000	0.0000000000	0.0466179270	-3.9948998320	0.0000000000	-1.4431563629	3.9948998320	0.0000000000	-1.4431563629	0.0000000000	3.9948998320	-1.4431563629	-0.0000000000	-3.9948998320	-1.4431563629
1.6000000000	-0.0000000000	-0.0000000000	0.0466179270	-3.9948998320	0.0000000000	-1.4431563629	3.9948998320	0.0000000000	-1.4431563629	0.0000000000	3.9948998320	-1.4431563629	-0.0000000000	-3.9948998320	-1.4431563629
1.7000000000	0.0000000000	0.0000000000	0.0466179270	-3.9948998320	-0.0000000000	-1.4431563629	3.9948998320	-0.0000000000	-1.4431563629	-0.0000000000	3.9948998320	-1.4431563629	-0.0000000000	-3.9948998320	-1.4431563629
1.8000000000	0.0000000000	0.0000000000	0.0466179270	-3.9948998320	-0.0000000000	-1.4431563629	3.9948998320	0.0000000000	-1.4431563629	0.0000000000	3.9948998320	-1.4431563629	-0.0000000000	-3.9948998320	-1.4431563629
1.9000000000	0.0000000000	0.0000000000	0.0466179270	-3.9948998320	0.0000000000	-1.4431563629	3.9948998320	-0.0000000000	-1.4431563629	0.0000000000	3.9948998320	-1.4431563629	-0.0000000000	-3.9948998320	-1.4431563629
2.0000000000	0.0000000000	-0.0000000000	0.0466179270	-3.9948998320	-0.0000000000	-1.4431563629	3.9948998320	-0.0000000000	-1.4431563629	0.0000000000	3.9948998320	-1.4431563629	-0.0000000000	-3.9948998320	-1.4431563629
2.1000000000	-0.0000000000	-0.0000000000	0.0466179270	-3.9948998320	0.0000000000	-1.4431563629	3.9948998320	0.0000000000	-1.4431563629	-0.0000000000	3.9948998320	-1.4431563629	0.0000000000	-3.9948998320	-1.4431563629
2.2000000000	-0.0000000000	-0.0000000000	0.0466179270	-3.9948998320	0.0000000000	-1.4431563629	3.9948998320	0.0000000000	-1.4431563629	0.0000000000	3.9948998320	-1.4431563629	0.0000000000	-3.9948998320	-1.4431563629
2.3000000000	0.0000000000	0.0000000000	0.0466179270	-3.9948998320	0.0000000000	-1.4431563629	3.9948998320	0.0000000000	-1.4431563629	0.0000000000	3.9948998320	-1.4431563629	0.0000000000	-3.9948998320	-1.4431563629
2.4000000000	0.0000000000	0.0000000000	0.0466179270	-3.9948998320	0.0000000000	-1.4431563629	3.9948998320	0.0000000000	-1.4431563629	0.0000000000	3.9948998320	-1.4431563629	-0.0000000000	-3.9948998320	-1.4431563629
2.5000000000	-0.0000000000	-0.0000000000	0.0466179270	-3.9948998320	-0.0000000000	-1.4431563629	3.9948998320	-0.0000000000	-1.4431563629	-0.0000000000	3.9948998320	-1.4431563629	0.0000000000	-3.9948998320	-1.4431563629
2.6000000000	-0.0000000000	0.0000000000	0.0466179269	-3.9948998320	0.0000000000	-1.4431563627	3.9948998320	0.0000000000	-1.4431563627	0.0000000000	3.9948998320	-1.4431563627	-0.0000000000	-3.9948998320	-1.4431563627
2.7000000000	-0.0000000000	-0.0000000000	0.0466179262	-3.9948998320	0.0000000000	-1.4431563622	3.9948998320	0.0000000000	-1.4431563622	0.0000000000	3.9948998320	-1.4431563622	-0.0000000000	-3.9948998320	-1.4431563622
2.8000000000	0.0000000000	0.0000000000	0.0466179235	-3.9948998320	0.0000000000	-1.4431563597	3.9948998320	0.0000000000	-1.4431563597	0.0000000000	3.9948998320	-1.4431563597	-0.0000000000	-3.9948998320	-1.4431563597
2.9000000000	0.0000000000	0.0000000000	0.0466179136	-3.9948998320	-0.0000000000	-1.4431563510	3.9948998320	-0.0000000000	-1.4431563510	-0.0000000000	3.9948998320	-1.4431563510	0.0000000000	-3.9948998320	-1.4431563510
3.0000000000	0.0000000000	0.0000000000	0.0466178822	-3.9948998320	-0.0000000000	-1.4431563236	3.9948998320	-0.0000000000	-1.4431563236	0.0000000000	3.9948998320	-1.4431563236	-0.0000000000	-3.9948998320	-1.4431563236
3.1000000000	-0.0000000000	-0.0000000000	0.0466177925	-3.9948998321	0.0000000000	-1.4431562462	3.9948998321	0.0000000000	-1.4431562462	-0.0000000000	3.9948998321	-1.4431562462	0.0000000000	-3.9948998321	-1.4431562462
3.2000000000	0.0000000000	0.0000000000	0.0466175607	-3.9948998322	0.0000000000	-1.4431560482	3.9948998322	-0.0000000000	-1.4431560482	0.0000000000	3.9948998322	-1.4431560482	-0.0000000000	-3.9948998322	-1.4431560482
3.3000000000	-0.0000000000	-0.0000000000	0.0466170108	-3.9948998328	0.0000000000	-1.4431555833	3.9948998328	0.0000000000	-1.4431555833	0.0000000000	3.9948998328	-1.4431555833	0.0000000000	-3.9948998328	-1.4431555833
3.4000000000	-0.0000000000	-0.0000000000	0.0466158015	-3.9948998344	-0.0000000000	-1.4431545722	3.9948998344	-0.0000000000	-1.4431545722	-0.0000000000	3.9948998344	-1.4431545722	0.0000000000	-3.9948998344	-1.4431545722
3.5000000000	0.0000000000	-0.0000000000	0.0466133142	-3.9948998387	0.0000000000	-1.4431525164	3.9948998387	0.0000000000	-1.4431525164	-0.0000000000	3.9948998387	-1.4431525164	0.0000000000	-3.9948998387	-1.4431525164
3.6000000000	0.0000000000	-0.0000000000	0.0466084948	-3.9948998490	-0.0000000000	-1.4431485797	3.9948998490	-0.0000000000	-1.4431485797	0.0000000000	3.9948998490	-1.4431485797	-0.0000000000	-3.9948998490	-1.4431485797
3.7000000000	-0.0000000000	-0.0000000000	0.0465996388	-3.9948998725	0.0000000000	-1.4431414339	3.9948998725	0.0000000000	-1.4431414339	-0.0000000000	3.9948998725	-1.4431414339	0.0000000000	-3.9948998725	-1.4431414339
3.8000000000	0.0000000000	-0.0000000000	0.0465841194	-3.9948999226	-0.0000000000	-1.4431290689	3.9948999226	-0.0000000000	-1.4431290689	0.0000000000	3.9948999226	-1.4431290689	-0.0000000000	-3.9948999226	-1.4431290689
3.9000000000	0.0000000000	0.0000000000	0.0465580546	-3.9949000240	-0.0000000000	-1.4431085724	3.9949000240	-0.0000000000	-1.4431085724	-0.0000000000	3.9949000240	-1.4431085724	0.0000000000	-3.9949000240	-1.4431085724
4.0000000000	0.0000000000	-0.0000000000	0.0465159192	-3.9949002188	0.0000000000	-1.4430758849	3.9949002188	0.0000000000	-1.4430758849	0.0000000000	3.9949002188	-1.4430758849	-0.0000000000	-3.9949002188	-1.4430758849
4.1000000000	0.0000000000	0.0000000000	0.0464501100	-3.9949005766	0.0000000000	-1.4430255423	3.9949005766	0.0000000000	-1.4430255423	0.0000000000	3.9949005766	-1.4430255423	-0.0000000000	-3.9949005766	-1.4430255423
4.2000000000	0.0000000000	-0.0000000000	0.0463504737	-3.9949012079	0.0000000000	-1.4429504191	3.9949012079	-0.0000000000	-1.4429504191	0.0000000000	3.9949012079	-1.4429504191	-0.0000000000	-3.9949012079	-1.4429504191
4.3000000000	0.0000000000	0.0000000000	0.0462038141	-3.9949022809	-0.0000000000	-1.4428414835	3.9949022809	0.0000000000	-1.4428414835	-0.0000000000	3.9949022809	-1.4428414835	0.0000000000	-3.9949022809	-1.4428414835
4.4000000000	0.0000000000	-0.0000000000	0.0459933914	-3.9949040442	-0.0000000000	-1.4426875817	3.9949040442	0.0000000000	-1.4426875817	-0.0000000000	3.9949040442	-1.4426875817	0.0000000000	-3.9949040442	-1.4426875817
4.5000000000	0.0000000000	-0.0000000000	0.0456984317	-3.9949068541	-0.0000000000	-1.4424752613	3.9949068541	-0.0000000000	-1.4424752613	-0.0000000000	3.9949068541	-1.4424752613	0.0000000000	-3.9949068541	-1.4424752613
4.6000000000	-0.0000000000	0.0000000000	0.0452936602	-3.9949112074	0.0000000000	-1.4421886462	3.9949112074	0.0000000000	-1.4421886462	-0.0000000000	3.9949112074	-1.4421886462	0.0000000000	-3.9949112074	-1.4421886462
4.7000000000	-0.0000000000	0.0000000000	0.0447488726	-3.9949177796	0.0000000000	-1.4418093700	3.9949177796	-0.0000000000	-1.4418093700	-0.0000000000	3.9949177796	-1.4418093700	-0.0000000000	-3.9949177796	-1.4418093700
4.8000000000	0.0000000000	0.0000000000	0.0440285549	-3.9949274690	-0.0000000000	-1.4413165743	3.9949274690	-0.0000000000	-1.4413165743	0.0000000000	3.9949274690	-1.4413165743	-0.0000000000	-3.9949274690	-1.4413165743
4.9000000000	0.0000000000	-0.0000000000	0.0430915621	-3.9949414450	-0.0000000000	-1.4406869733	3.9949414450	-0.0000000000	-1.4406869733	0.0000000000	3.9949414450	-1.4406869733	-0.0000000000	-3.9949414450	-1.4406869733
5.0000000000	-0.0000000000	0.0000000000	0.0418908604	-3.9949612008	0.0000000000	-1.4398949845	3.9949612008	0.0000000000	-1.4398949845	-0.0000000000	3.9949612008	-1.4398949845	0.0000000000	-3.9949612008	-1.4398949845
