#real_cutoff=2
#reciprocal_cutoff=8
alpha	0x	0y	0z	1x	1y	1z	2x	2y	2z	3x	3y	3z	4x	4y	4z
0.1000000000	-0.0000000000	0.0000000000	0.0564269438	-3.9949221372	0.0000000000	-1.4333341833	3.9949221372	0.0000000000	-1.4333341833	0.0000000000	3.9949221372	-1.4333341833	-0.0000000000	-3.9949221372	-1.4333341833
0.2000000000	-0.0000000000	0.0000000000	0.0516792384	-3.9949187809	-0.0000000000	-1.4380773110	3.9949187809	0.0000000000	-1.4380773110	-0.0000000000	3.9949187809	-1.4380773110	-0.0000000000	-3.9949187809	-1.4380773110
0.3000000000	0.0000000000	0.0000000000	0.0477747483	-3.9949129175	0.0000000000	-1.4419814619	3.9949129175	0.0000000000	-1.4419814619	0.0000000000	3.9949129175	-1.4419814619	-0.0000000000	-3.9949129175	-1.4419814619
0.4000000000	0.0000000000	-0.0000000000	0.0466191274	-3.9949103178	-0.0000000000	-1.4431451277	3.9949103178	-0.0000000000	-1.4431451277	0.0000000000	3.9949103178	-1.4431451277	-0.0000000000	-3.9949103178	-1.4431451277
0.5000000000	0.0000000000	-0.0000000000	0.0464907083	-3.9949099270	0.0000000000	-1.4432775180	3.9949099270	0.0000000000	-1.4432775180	-0.0000000000	3.9949099270	-1.4432775180	0.0000000000	-3.9949099270	-1.4432775180
0.6000000000	-0.0000000000	-0.0000000000	0.0465093271	-3.9949092889	0.0000000000	-1.4432609244	3.9949092889	0.0000000000	-1.4432609244	0.0000000000	3.9949092889	-1.4432609244	0.0000000000	-3.9949092889	-1.4432609244
0.7000000000	0.0000000000	0.0000000000	0.0465555247	-3.9949071103	0.0000000000	-1.4432172784	3.9949071103	0.0000000000	-1.4432172784	-0.0000000000	3.9949071103	-1.4432172784	0.0000000000	-3.9949071103	-1.4432172784
0.8000000000	-0.0000000000	-0.0000000000	0.0465933787	-3.9949039934	-0.0000000000	-1.4431808946	3.9949039934	-0.0000000000	-1.4431808946	0.0000000000	3.9949039934	-1.4431808946	-0.0000000000	-3.9949039934	-1.4431808946
0.9000000000	0.0000000000	0.0000000000	0.0466110185	-3.9949015724	-0.0000000000	-1.4431635098	3.9949015724	-0.0000000000	-1.4431635098	-0.0000000000	3.9949015724	-1.4431635098	0.0000000000	-3.9949015724	-1.4431635098
1.0000000000	0.0000000000	0.0000000000	0.0466164681	-3.9949003767	-0.0000000000	-1.4431579449	3.9949003767	-0.0000000000	-1.4431579449	-0.0000000000	3.9949003767	-1.4431579449	0.0000000000	-3.9949003767	-1.4431579449
1.1000000000	-0.0000000000	-0.0000000000	0.0466176868	-3.9948999635	0.0000000000	-1.4431566397	3.9948999635	0.0000000000	-1.4431566397	-0.0000000000	3.9948999635	-1.4431566397	0.0000000000	-3.9948999635	-1.4431566397
1.2000000000	0.0000000000	0.0000000000	0.0466178953	-3.9948998572	-0.0000000000	-1.4431564023	3.9948998572	-0.0000000000	-1.4431564023	-0.0000000000	3.9948998572	-1.4431564023	-0.0000000000	-3.9948998572	-1.4431564023
1.3000000000	0.0000000000	-0.0000000000	0.0466179236	-3.9948998359	0.0000000000	-1.4431563676	3.9948998359	0.0000000000	-1.4431563676	0.0000000000	3.9948998359	-1.4431563676	0.0000000000	-3.9948998359	-1.4431563676
1.4000000000	0.0000000000	-0.0000000000	0.0466179267	-3.9948998325	0.0000000000	-1.4431563634	3.9948998325	0.0000000000	-1.4431563634	0.0000000000	3.9948998325	-1.4431563634	-0.0000000000	-3.9948998325	-1.4431563634
1.5000000000	0.0000000000	0.0000000000	0.0466179270	-3.9948998320	0.0000000000	-1.4431563629	3.9948998320	0.0000000000	-1.4431563629	0.0000000000	3.9948998320	-1.4431563629	-0.0000000000	-3.9948998320	-1.4431563629
1.6000000000	-0.0000000000	-0.0000000000	0.0466179270	-3.9948998320	0.0000000000	-1.4431563629	3.9948998320	0.0000000000	-1.4431563629	0.0000000000	3.9948998320	-1.4431563629	-0.0000000000	-3.9948998320	-1.4431563629
1.7000000000	0.0000000000	0.0000000000	0.0466179270	-3.9948998320	-0.0000000000	-1.4431563629	3.9948998320	-0.0000000000	-1.4431563629	-0.0000000000	3.9948998320	-1.4431563629	-0.0000000000	-3.9948998320	-1.4431563629
1.8000000000	0.0000000000	0.0000000000	0.0466179270	-3.9948998320	-0.0000000000	-1.4431563629	3.9948998320	0.0000000000	-1.4431563629	0.0000000000	3.9948998320	-1.4431563629	-0.0000000000	-3.9948998320	-1.4431563629
1.9000000000	0.0000000000	0.0000000000	0.0466179270	-3.9948998320	0.0000000000	-1.4431563629	3.9948998320	-0.0000000000	-1.4431563629	0.0000000000	3.9948998320	-1.4431563629	-0.0000000000	-3.9948998320	-1.4431563629
2.0000000000	0.0000000000	-0.0000000000	0.0466179270	-3.9948998320	-0.0000000000	-1.4431563629	3.9948998320	-0.0000000000	-1.4431563629	0.0000000000	3.9948998320	-1.4431563629	-0.0000000000	-3.9948998320	-1.4431563629
2.1000000000	-0.0000000000	-0.0000000000	0.0466179270	-3.9948998320	0.0000000000	-1.4431563629	3.9948998320	0.0000000000	-1.4431563629	-0.0000000000	3.9948998320	-1.4431563629	0.0000000000	-3.9948998320	-1.4431563629
2.2000000000	-0.0000000000	-0.0000000000	0.0466179270	-3.9948998320	0.0000000000	-1.4431563629	3.9948998320	0.0000000000	-1.4431563629	0.0000000000	3.9948998320	-1.4431563629	0.0000000000	-3.9948998320	-1.4431563629
2.3000000000	0.0000000000	0.0000000000	0.0466179270	-3.9948998320	0.0000000000	-1.4431563629	3.9948998320	0.0000000000	-1.4431563629	0.0000000000	3.9948998320	-1.4431563629	0.0000000000	-3.9948998320	-1.4431563629
2.4000000000	-0.0000000000	0.0000000000	0.0466179270	-3.9948998320	0.0000000000	-1.4431563629	3.9948998320	0.0000000000	-1.4431563629	-0.0000000000	3.9948998320	-1.4431563629	-0.0000000000	-3.9948998320	-1.4431563629
2.5000000000	-0.0000000000	-0.0000000000	0.0466179270	-3.9948998320	0.0000000000	-1.4431563629	3.9948998320	0.0000000000	-1.4431563629	-0.0000000000	3.9948998320	-1.4431563629	0.0000000000	-3.9948998320	-1.4431563629
2.6000000000	-0.0000000000	0.0000000000	0.0466179270	-3.9948998320	0.0000000000	-1.4431563629	3.9948998320	0.0000000000	-1.4431563629	0.0000000000	3.9948998320	-1.4431563629	-0.0000000000	-3.9948998320	-1.4431563629
2.7000000000	-0.0000000000	-0.0000000000	0.0466179270	-3.9948998320	0.0000000000	-1.4431563629	3.9948998320	0.0000000000	-1.4431563629	0.0000000000	3.9948998320	-1.4431563629	-0.0000000000	-3.9948998320	-1.4431563629
2.8000000000	-0.0000000000	-0.0000000000	0.0466179270	-3.9948998320	-0.0000000000	-1.4431563629	3.9948998320	0.0000000000	-1.4431563629	0.0000000000	3.9948998320	-1.4431563629	-0.0000000000	-3.9948998320	-1.4431563629
2.9000000000	0.0000000000	0.0000000000	0.0466179269	-3.9948998320	-0.0000000000	-1.4431563628	3.9948998320	-0.0000000000	-1.4431563628	-0.0000000000	3.9948998320	-1.4431563628	0.0000000000	-3.9948998320	-1.4431563628
3.0000000000	0.0000000000	-0.0000000000	0.0466179264	-3.9948998320	-0.0000000000	-1.4431563624	3.9948998320	-0.0000000000	-1.4431563624	0.0000000000	3.9948998320	-1.4431563624	-0.0000000000	-3.9948998320	-1.4431563624
3.1000000000	0.0000000000	-0.0000000000	0.0466179247	-3.9948998321	0.0000000000	-1.4431563610	3.9948998321	0.0000000000	-1.4431563610	-0.0000000000	3.9948998321	-1.4431563610	0.0000000000	-3.9948998321	-1.4431563610
3.2000000000	0.0000000000	-0.0000000000	0.0466179188	-3.9948998322	-0.0000000000	-1.4431563564	3.9948998322	-0.0000000000	-1.4431563564	0.0000000000	3.9948998322	-1.4431563564	-0.0000000000	-3.9948998322	-1.4431563564
3.3000000000	-0.0000000000	-0.0000000000	0.0466179012	-3.9948998328	0.0000000000	-1.4431563426	3.9948998328	0.0000000000	-1.4431563426	0.0000000000	3.9948998328	-1.4431563426	0.0000000000	-3.9948998328	-1.4431563426
3.4000000000	-0.0000000000	-0.0000000000	0.0466178533	-3.9948998344	-0.0000000000	-1.4431563058	3.9948998344	-0.0000000000	-1.4431563058	-0.0000000000	3.9948998344	-1.4431563058	0.0000000000	-3.9948998344	-1.4431563058
3.5000000000	-0.0000000000	0.0000000000	0.0466177339	-3.9948998387	0.0000000000	-1.4431562149	3.9948998387	-0.0000000000	-1.4431562149	-0.0000000000	3.9948998387	-1.4431562149	0.0000000000	-3.9948998387	-1.4431562149
3.6000000000	0.0000000000	-0.0000000000	0.0466174576	-3.9948998490	-0.0000000000	-1.4431560075	3.9948998490	-0.0000000000	-1.4431560075	0.0000000000	3.9948998490	-1.4431560075	-0.0000000000	-3.9948998490	-1.4431560075
3.7000000000	-0.0000000000	-0.0000000000	0.0466168603	-3.9948998725	0.0000000000	-1.4431555649	3.9948998725	0.0000000000	-1.4431555649	-0.0000000000	3.9948998725	-1.4431555649	0.0000000000	-3.9948998725	-1.4431555649
3.8000000000	0.0000000000	-0.0000000000	0.0466156446	-3.9948999226	-0.0000000000	-1.4431546763	3.9948999226	-0.0000000000	-1.4431546763	0.0000000000	3.9948999226	-1.4431546763	-0.0000000000	-3.9948999226	-1.4431546763
3.9000000000	-0.0000000000	0.0000000000	0.0466133005	-3.9949000240	0.0000000000	-1.4431529877	3.9949000240	0.0000000000	-1.4431529877	-0.0000000000	3.9949000240	-1.4431529877	0.0000000000	-3.9949000240	-1.4431529877
4.0000000000	-0.0000000000	-0.0000000000	0.0466089959	-3.9949002188	0.0000000000	-1.4431499326	3.9949002188	0.0000000000	-1.4431499326	0.0000000000	3.9949002188	-1.4431499326	-0.0000000000	-3.9949002188	-1.4431499326
4.1000000000	0.0000000000	-0.0000000000	0.0466014303	-3.9949005766	0.0000000000	-1.4431446461	3.9949005766	0.0000000000	-1.4431446461	0.0000000000	3.9949005766	-1.4431446461	-0.0000000000	-3.9949005766	-1.4431446461
4.2000000000	0.0000000000	-0.0000000000	0.0465886506	-3.9949012079	-0.0000000000	-1.4431358592	3.9949012079	0.0000000000	-1.4431358592	0.0000000000	3.9949012079	-1.4431358592	0.0000000000	-3.9949012079	-1.4431358592
4.3000000000	0.0000000000	0.0000000000	0.0465678256	-3.9949022809	0.0000000000	-1.4431217779	3.9949022809	0.0000000000	-1.4431217779	-0.0000000000	3.9949022809	-1.4431217779	0.0000000000	-3.9949022809	-1.4431217779
4.4000000000	0.0000000000	0.0000000000	0.0465349807	-3.9949040442	0.0000000000	-1.4430999503	3.9949040442	-0.0000000000	-1.4430999503	-0.0000000000	3.9949040442	-1.4430999503	0.0000000000	-3.9949040442	-1.4430999503
4.5000000000	0.0000000000	-0.0000000000	0.0464846947	-3.9949068541	-0.0000000000	-1.4430671252	3.9949068541	0.0000000000	-1.4430671252	-0.0000000000	3.9949068541	-1.4430671252	0.0000000000	-3.9949068541	-1.4430671252
4.6000000000	-0.0000000000	0.0000000000	0.0464097652	-3.9949112074	0.0000000000	-1.4430191107	3.9949112074	0.0000000000	-1.4430191107	-0.0000000000	3.9949112074	-1.4430191107	0.0000000000	-3.9949112074	-1.4430191107
4.7000000000	-0.0000000000	-0.0000000000	0.0463008476	-3.9949177796	-0.0000000000	-1.4429506385	3.9949177796	0.0000000000	-1.4429506385	-0.0000000000	3.9949177796	-1.4429506385	0.0000000000	-3.9949177796	-1.4429506385
4.8000000000	0.0000000000	0.0000000000	0.0461460771	-3.9949274690	-0.0000000000	-1.4428552413	3.9949274690	-0.0000000000	-1.4428552413	0.0000000000	3.9949274690	-1.4428552413	-0.0000000000	-3.9949274690	-1.4428552413
4.9000000000	0.0000000000	-0.0000000000	0.0459306823	-3.9949414450	-0.0000000000	-1.4427251504	3.9949414450	-0.0000000000	-1.4427251504	0.0000000000	3.9949414450	-1.4427251504	-0.0000000000	-3.9949414450	-1.4427251504
5.0000000000	-0.0000000000	0.0000000000	0.0456366006	-3.9949612008	-0.0000000000	-1.4425512206	3.9949612008	-0.0000000000	-1.4425512206	-0.0000000000	3.9949612008	-1.4425512206	0.0000000000	-3.9949612008	-1.4425512206
