#real_cutoff=5
#reciprocal_cutoff=3
#r0 - r0 : [0.0, 0.0, 0.0, 0.0]
#r0 - r1 : [0.0, 0.0, 0.0, 0.0]
#r0 - r2 : [1.0, 0.0, 0.0, 1.0]
#r0 - r3 : [1.9553522243833723, 1.3355500000000005, 1.0930010000000001, -0.91927]
#r0 - r4 : [1.4258563194855929, 1.3355500000000005, -0.16516899999999968, -0.471266]
alpha	0x	0y	0z	1x	1y	1z	2x	2y	2z	3x	3y	3z	4x	4y	4z
0.1000000000	0.0019651883	0.0016943750	-0.0070797063	0.0019651883	0.0016943750	-0.0070797063	0.0019615279	0.0016781996	-2.0085539623	0.1292831081	0.1059460904	0.0391962352	0.3215754833	-0.0378531791	0.2258008695
0.2000000000	0.0010273294	0.0009278353	-0.0114348290	0.0010273294	0.0009278353	-0.0114348290	0.0010243195	0.0009121921	-2.0129061562	0.1283454325	0.1051795581	0.0348441039	0.3206379726	-0.0386194693	0.2214471576
0.3000000000	0.0002681981	0.0002734629	-0.0135845916	0.0002681981	0.0002734629	-0.0135845916	0.0002651419	0.0002577667	-2.0150558873	0.1275870897	0.1045258616	0.0326952115	0.3198794718	-0.0392737340	0.2192977829
0.4000000000	0.0000504509	0.0000798133	-0.0141396804	0.0000504509	0.0000798133	-0.0141396804	0.0000463331	0.0000631665	-2.0156136535	0.1273694457	0.1043323263	0.0321401989	0.3196617991	-0.0394673739	0.2187427222
0.5000000000	0.0000164654	0.0000493515	-0.0142253602	0.0000164654	0.0000493515	-0.0142253602	0.0000116973	0.0000321214	-2.0157009716	0.1273354628	0.1043018684	0.0320545212	0.3196278152	-0.0394978356	0.2186570430
0.6000000000	0.0000133459	0.0000465530	-0.0142332199	0.0000133459	0.0000465530	-0.0142332199	0.0000084204	0.0000291817	-2.0157092281	0.1273323433	0.1042990699	0.0320466614	0.3196246957	-0.0395006341	0.2186491833
0.7000000000	0.0000131798	0.0000464039	-0.0142336386	0.0000131798	0.0000464039	-0.0142336386	0.0000082361	0.0000290163	-2.0157096925	0.1273321772	0.1042989209	0.0320462428	0.3196245295	-0.0395007831	0.2186487646
0.8000000000	0.0000131747	0.0000463993	-0.0142336519	0.0000131747	0.0000463993	-0.0142336519	0.0000082300	0.0000290108	-2.0157097083	0.1273321721	0.1042989163	0.0320462296	0.3196245245	-0.0395007877	0.2186487514
0.9000000000	0.0000131740	0.0000463955	-0.0142336930	0.0000131740	0.0000463955	-0.0142336930	0.0000082295	0.0000290084	-2.0157097340	0.1273321691	0.1042989115	0.0320462021	0.3196245212	-0.0395007897	0.2186487175
1.0000000000	0.0000131616	0.0000463400	-0.0142344518	0.0000131616	0.0000463400	-0.0142344518	0.0000082217	0.0000289737	-2.0157102071	0.1273321073	0.1042988265	0.0320457064	0.3196244600	-0.0395008171	0.2186480906
1.1000000000	0.0000130613	0.0000459689	-0.0142408345	0.0000130613	0.0000459689	-0.0142408345	0.0000081592	0.0000287424	-2.0157141867	0.1273315428	0.1042981259	0.0320416344	0.3196239467	-0.0395009888	0.2186428134
1.2000000000	0.0000126364	0.0000445584	-0.0142719059	0.0000126364	0.0000445584	-0.0142719059	0.0000078943	0.0000278629	-2.0157335594	0.1273286293	0.1042947669	0.0320222573	0.3196214873	-0.0395015820	0.2186171369
1.3000000000	0.0000114982	0.0000409908	-0.0143746342	0.0000114982	0.0000409908	-0.0143746342	0.0000071846	0.0000256386	-2.0157976094	0.1273185517	0.1042837840	0.0319595281	0.3196135224	-0.0395028698	0.2185323641
1.4000000000	0.0000093230	0.0000343281	-0.0146315701	0.0000093230	0.0000343281	-0.0146315701	0.0000058284	0.0000214845	-2.0159578062	0.1272923308	0.1042565008	0.0318056537	0.3195939619	-0.0395046880	0.2183208232
1.5000000000	0.0000061118	0.0000244654	-0.0151553455	0.0000061118	0.0000244654	-0.0151553455	0.0000038262	0.0000153351	-2.0162843727	0.1272367309	0.1042009586	0.0314976266	0.3195544885	-0.0395060432	0.2178910477
1.6000000000	0.0000022433	0.0000123060	-0.0160726395	0.0000022433	0.0000123060	-0.0160726395	0.0000014142	0.0000077537	-2.0168562781	0.1271350692	0.1041031217	0.0309675761	0.3194851985	-0.0395050828	0.2171419470
1.7000000000	-0.0000017111	-0.0000006285	-0.0175058851	-0.0000017111	-0.0000006285	-0.0175058851	-0.0000010517	-0.0000003117	-2.0177497832	0.1269682857	0.1039480170	0.0301539236	0.3193750739	-0.0394994273	0.2159789095
1.8000000000	-0.0000052401	-0.0000128094	-0.0195594694	-0.0000052401	-0.0000128094	-0.0195594694	-0.0000032529	-0.0000079091	-2.0190296809	0.1267158997	0.1037203719	0.0290095310	0.3192121824	-0.0394866158	0.2143259244
1.9000000000	-0.0000080485	-0.0000231594	-0.0223128174	-0.0000080485	-0.0000231594	-0.0223128174	-0.0000050057	-0.0000143682	-2.0207446151	0.1263568607	0.1034048645	0.0275056169	0.3189837984	-0.0394644248	0.2121315084
2.0000000000	-0.0000100732	-0.0000312070	-0.0258195107	-0.0000100732	-0.0000312070	-0.0258195107	-0.0000062710	-0.0000193967	-2.0229258446	0.1258703922	0.1029862999	0.0256320589	0.3186766319	-0.0394309803	0.2093691395
2.1000000000	-0.0000114120	-0.0000369940	-0.0301103958	-0.0000114120	-0.0000369940	-0.0301103958	-0.0000071097	-0.0000230211	-2.0255881525	0.1252368204	0.1024499089	0.0233953712	0.3182771877	-0.0393847143	0.2060340923
2.2000000000	-0.0000122327	-0.0000408734	-0.0351987211	-0.0000122327	-0.0000408734	-0.0351987211	-0.0000076258	-0.0000254603	-2.0287317761	0.1244382664	0.1017817597	0.0208155678	0.3177721528	-0.0393242594	0.2021385556
2.3000000000	-0.0000127073	-0.0000433125	-0.0410858567	-0.0000127073	-0.0000433125	-0.0410858567	-0.0000079254	-0.0000270036	-2.0323446629	0.1234590890	0.1009691634	0.0179227558	0.3171486923	-0.0392483506	0.1977064192
2.4000000000	-0.0000129834	-0.0000447586	-0.0477666519	-0.0000129834	-0.0000447586	-0.0477666519	-0.0000080980	-0.0000279266	-2.0364047101	0.1222860351	0.1000009584	0.0147539444	0.3163945875	-0.0391557610	0.1927685737
2.5000000000	-0.0000131868	-0.0000455742	-0.0552338834	-0.0000131868	-0.0000455742	-0.0552338834	-0.0000082161	-0.0000284524	-2.0408818527	0.1209081458	0.0988676227	0.0113502905	0.3154982183	-0.0390452697	0.1873591392
2.6000000000	-0.0000134463	-0.0000460263	-0.0634815465	-0.0000134463	-0.0000460263	-0.0634815465	-0.0000083458	-0.0000287434	-2.0457399468	0.1193165137	0.0975612332	0.0077548501	0.3144484431	-0.0389156533	0.1815127410
2.7000000000	-0.0000139338	-0.0000463091	-0.0725069671	-0.0000139338	-0.0000463091	-0.0725069671	-0.0000085625	-0.0000289128	-2.0509384236	0.1175039971	0.0960753310	0.0040108205	0.3132344425	-0.0387656904	0.1752627685
2.8000000000	-0.0000149143	-0.0000465819	-0.0823118672	-0.0000149143	-0.0000465819	-0.0823118672	-0.0000089675	-0.0000290426	-2.0564336909	0.1154649674	0.0944047584	0.0001602312	0.3118455885	-0.0385941764	0.1686404488
2.9000000000	-0.0000168043	-0.0000470154	-0.0929026072	-0.0000168043	-0.0000470154	-0.0929026072	-0.0000097036	-0.0000292025	-2.0621802666	0.1131951362	0.0925455195	-0.0037569789	0.3102713734	-0.0383999484	0.1616745310
3.0000000000	-0.0000202342	-0.0000478409	-0.1042898555	-0.0000202342	-0.0000478409	-0.1042898555	-0.0000109654	-0.0000294670	-2.0681316387	0.1106914705	0.0904946900	-0.0077035606	0.3085014141	-0.0381819169	0.1543913780
3.1000000000	-0.0000261128	-0.0000494021	-0.1164879221	-0.0000261128	-0.0000494021	-0.1164879221	-0.0000130044	-0.0000299271	-2.0742408663	0.1079521842	0.0882503853	-0.0116452941	0.3065255225	-0.0379391060	0.1468152906
3.2000000000	-0.0000356871	-0.0000522076	-0.1295139440	-0.0000356871	-0.0000522076	-0.1295139440	-0.0000161259	-0.0000306985	-2.0804609502	0.1049767816	0.0858117727	-0.0155511341	0.3043338267	-0.0376706951	0.1389689297
3.3000000000	-0.0000505950	-0.0000569834	-0.1433870603	-0.0000505950	-0.0000569834	-0.1433870603	-0.0000206774	-0.0000319236	-2.0867450210	0.1017661231	0.0831791142	-0.0193932167	0.3019169204	-0.0373760599	0.1308737437
3.4000000000	-0.0000729063	-0.0000647221	-0.1581276563	-0.0000729063	-0.0000647221	-0.1581276563	-0.0000270281	-0.0000337673	-2.0930463948	0.0983224923	0.0803538175	-0.0231467782	0.2992660196	-0.0370548077	0.1225503433
3.5000000000	-0.0001051493	-0.0000767265	-0.1737567190	-0.0001051493	-0.0000767265	-0.1737567190	-0.0000355402	-0.0000364073	-2.0993185514	0.0946496429	0.0773384806	-0.0267900278	0.2963731128	-0.0367068033	0.1140187989
3.6000000000	-0.0001503220	-0.0000946444	-0.1902953109	-0.0001503220	-0.0000946444	-0.1902953109	-0.0000465342	-0.0000400178	-2.1055150805	0.0907528170	0.0741369184	-0.0303040004	0.2932310921	-0.0363321841	0.1052988516
3.7000000000	-0.0002118867	-0.0001204936	-0.2077641541	-0.0002118867	-0.0001204936	-0.2077641541	-0.0000602504	-0.0000447486	-2.1115896349	0.0866387283	0.0707541625	-0.0336724096	0.2898338618	-0.0359313632	0.0964100456
3.8000000000	-0.0002937511	-0.0001566739	-0.2261833076	-0.0002937511	-0.0001566739	-0.2261833076	-0.0000768089	-0.0000507002	-2.1174959154	0.0823155123	0.0671964352	-0.0368815109	0.2861764212	-0.0355050215	0.0873717936
3.9000000000	-0.0004002339	-0.0002059673	-0.2455719193	-0.0004002339	-0.0002059673	-0.2455719193	-0.0000961705	-0.0000578966	-2.1231877015	0.0777926446	0.0634710960	-0.0399199757	0.2822549231	-0.0350540903	0.0782033921
4.0000000000	-0.0005360208	-0.0002715254	-0.2659480339	-0.0005360208	-0.0002715254	-0.2659480339	-0.0001181023	-0.0000662579	-2.1286189332	0.0730808341	0.0595865651	-0.0427787769	0.2780667110	-0.0345797266	0.0689239989
4.1000000000	-0.0007061101	-0.0003568456	-0.2873284457	-0.0007061101	-0.0003568456	-0.2873284457	-0.0001421477	-0.0000755742	-2.1337438400	0.0681918977	0.0555522284	-0.0454510796	0.2736103369	-0.0340832827	0.0595525877
4.2000000000	-0.0009157514	-0.0004657374	-0.3097285855	-0.0009157514	-0.0004657374	-0.3097285855	-0.0001676046	-0.0000854826	-2.1385171080	0.0631386204	0.0513783284	-0.0479321346	0.2688855631	-0.0335662734	0.0501078886
4.3000000000	-0.0011703804	-0.0006022797	-0.3331624363	-0.0011703804	-0.0006022797	-0.3331624363	-0.0001935111	-0.0000954481	-2.1428940764	0.0579346083	0.0470758456	-0.0502191670	0.2638933515	-0.0330303418	0.0406083229
4.4000000000	-0.0014755505	-0.0007707727	-0.3576424744	-0.0014755505	-0.0007707727	-0.3576424744	-0.0002186398	-0.0001047502	-2.1468309485	0.0525941387	0.0426563754	-0.0523112602	0.2586358405	-0.0324772256	0.0310719366
4.5000000000	-0.0018368640	-0.0009756838	-0.3831796331	-0.0018368640	-0.0009756838	-0.3831796331	-0.0002415000	-0.0001124750	-2.1502850089	0.0471320091	0.0381320027	-0.0542092303	0.2531163144	-0.0319087258	0.0215163365
4.6000000000	-0.0022599047	-0.0012215921	-0.4097832885	-0.0022599047	-0.0012215921	-0.4097832885	-0.0002603486	-0.0001175132	-2.1532148355	0.0415633915	0.0335151776	-0.0559154918	0.2473391639	-0.0313266771	0.0119586316
4.7000000000	-0.0027501725	-0.0015131311	-0.4374612669	-0.0027501725	-0.0015131311	-0.4374612669	-0.0002732070	-0.0001185640	-2.1555804992	0.0359036909	0.0288185949	-0.0574339148	0.2413098406	-0.0307329225	0.0024153789
4.8000000000	-0.0033130228	-0.0018549323	-0.4662198718	-0.0033130228	-0.0018549323	-0.4662198718	-0.0002778842	-0.0001141445	-2.1573437453	0.0301684109	0.0240550786	-0.0587696754	0.2350348059	-0.0301292909	-0.0070974641
4.9000000000	-0.0039536096	-0.0022515703	-0.4960639290	-0.0039536096	-0.0022515703	-0.4960639290	-0.0002720055	-0.0001026042	-2.1584681534	0.0243730278	0.0192374718	-0.0599291010	0.2285214755	-0.0295175785	-0.0165645813
5.0000000000	-0.0046768347	-0.0027075117	-0.5269968496	-0.0046768347	-0.0027075117	-0.5269968496	-0.0002530434	-0.0000821427	-2.1589192730	0.0185328730	0.0143785348	-0.0609195130	0.2217781594	-0.0288995338	-0.0259713345
