#real_cutoff=2
#reciprocal_cutoff=8
#r0 - r0 : [0.0, 0.0, 0.0, 0.0]
#r0 - r1 : [0.0, 0.0, 0.0, 0.0]
#r0 - r2 : [1.0, 0.0, 0.0, 1.0]
#r0 - r3 : [1.9553522243833723, 1.3355500000000005, 1.0930010000000001, -0.91927]
#r0 - r4 : [1.4258563194855929, 1.3355500000000005, -0.16516899999999968, -0.471266]
alpha	0x	0y	0z	1x	1y	1z	2x	2y	2z	3x	3y	3z	4x	4y	4z
0.1000000000	0.0020921613	0.0017901398	-0.0053579969	0.0020921613	0.0017901398	-0.0053579969	0.0020931316	0.0017784234	-2.0068283810	0.1294068246	0.1060397140	0.0408997356	0.3216985491	-0.0377587881	0.2275143462
0.2000000000	0.0020113059	0.0017269653	-0.0066665045	0.0020113059	0.0017269653	-0.0066665045	0.0020123950	0.0017153417	-2.0081351467	0.1293250167	0.1059757186	0.0395939512	0.3216172290	-0.0378218404	0.2262070916
0.3000000000	0.0017087124	0.0014862808	-0.0087680217	0.0017087124	0.0014862808	-0.0087680217	0.0017106434	0.0014753272	-2.0102310467	0.1290211507	0.1057337322	0.0374994825	0.3213142384	-0.0380620688	0.2241088820
0.4000000000	0.0012177730	0.0010852700	-0.0108155659	0.0012177730	0.0010852700	-0.0108155659	0.0012214668	0.0010757562	-2.0122712809	0.1285312653	0.1053331735	0.0354588271	0.3208245817	-0.0384624694	0.2220645862
0.5000000000	0.0007306813	0.0006749956	-0.0123413711	0.0007306813	0.0006749956	-0.0123413711	0.0007357803	0.0006666556	-2.0137924636	0.1280467320	0.1049248492	0.0339368789	0.3203396700	-0.0388723153	0.2205405469
0.6000000000	0.0003789115	0.0003704572	-0.0133009867	0.0003789115	0.0003704572	-0.0133009867	0.0003837443	0.0003618596	-2.0147525374	0.1276967853	0.1046219462	0.0329788375	0.3199893407	-0.0391766558	0.2195816028
0.7000000000	0.0001752703	0.0001907805	-0.0138265618	0.0001752703	0.0001907805	-0.0138265618	0.0001781447	0.0001804273	-2.0152830315	0.1274938540	0.1044430047	0.0324537505	0.3197862317	-0.0393562722	0.2190562105
0.8000000000	0.0000760093	0.0001023540	-0.0140778251	0.0000760093	0.0001023540	-0.0140778251	0.0000762088	0.0000895982	-2.0155410537	0.1273947929	0.1043547879	0.0322025471	0.3196871222	-0.0394447006	0.2188049420
0.9000000000	0.0000344529	0.0000652643	-0.0141819261	0.0000344529	0.0000652643	-0.0141819261	0.0000323018	0.0000503927	-2.0156510825	0.1273533231	0.1043177452	0.0320983445	0.3196456491	-0.0394818224	0.2187007532
1.0000000000	0.0000194305	0.0000518637	-0.0142196463	0.0000194305	0.0000518637	-0.0142196463	0.0000157472	0.0000356273	-2.0156923748	0.1273383176	0.1043043340	0.0320607258	0.3196306526	-0.0394952376	0.2186630461
1.1000000000	0.0000146607	0.0000473687	-0.0142372037	0.0000146607	0.0000473687	-0.0142372037	0.0000102287	0.0000305638	-2.0157094623	0.1273331223	0.1042995204	0.0320453582	0.3196255170	-0.0394995648	0.2186465079
1.2000000000	0.0000129886	0.0000448647	-0.0142711427	0.0000129886	0.0000448647	-0.0142711427	0.0000083934	0.0000283006	-2.0157324693	0.1273289769	0.1042950724	0.0320230520	0.3196218309	-0.0395012675	0.2186179210
1.3000000000	0.0000115650	0.0000410485	-0.0143744965	0.0000115650	0.0000410485	-0.0143744965	0.0000072900	0.0000257307	-2.0157973902	0.1273186178	0.1042838418	0.0319596745	0.3196135872	-0.0395028098	0.2185325073
1.4000000000	0.0000093339	0.0000343375	-0.0146315487	0.0000093339	0.0000343375	-0.0146315487	0.0000058478	0.0000215014	-2.0159577677	0.1272923417	0.1042565103	0.0318056771	0.3195939725	-0.0395046781	0.2183208458
1.5000000000	0.0000061133	0.0000244667	-0.0151553426	0.0000061133	0.0000244667	-0.0151553426	0.0000038294	0.0000153379	-2.0162843668	0.1272367324	0.1042009600	0.0314976298	0.3195544900	-0.0395060418	0.2178910508
1.6000000000	0.0000022435	0.0000123062	-0.0160726391	0.0000022435	0.0000123062	-0.0160726391	0.0000014146	0.0000077541	-2.0168562773	0.1271350694	0.1041031219	0.0309675765	0.3194851986	-0.0395050826	0.2171419474
1.7000000000	-0.0000017111	-0.0000006284	-0.0175058851	-0.0000017111	-0.0000006284	-0.0175058851	-0.0000010516	-0.0000003117	-2.0177497831	0.1269682857	0.1039480170	0.0301539236	0.3193750739	-0.0394994273	0.2159789096
1.8000000000	-0.0000052401	-0.0000128094	-0.0195594694	-0.0000052401	-0.0000128094	-0.0195594694	-0.0000032529	-0.0000079091	-2.0190296809	0.1267158997	0.1037203719	0.0290095310	0.3192121824	-0.0394866158	0.2143259244
1.9000000000	-0.0000080485	-0.0000231594	-0.0223128174	-0.0000080485	-0.0000231594	-0.0223128174	-0.0000050057	-0.0000143682	-2.0207446151	0.1263568607	0.1034048645	0.0275056169	0.3189837984	-0.0394644248	0.2121315084
2.0000000000	-0.0000100732	-0.0000312070	-0.0258195108	-0.0000100732	-0.0000312070	-0.0258195108	-0.0000062710	-0.0000193967	-2.0229258446	0.1258703922	0.1029862999	0.0256320589	0.3186766318	-0.0394309803	0.2093691395
2.1000000000	-0.0000114115	-0.0000369941	-0.0301103960	-0.0000114115	-0.0000369941	-0.0301103960	-0.0000071095	-0.0000230211	-2.0255881526	0.1252368200	0.1024499090	0.0233953714	0.3182771873	-0.0393847142	0.2060340925
2.2000000000	-0.0000122301	-0.0000408734	-0.0351987223	-0.0000122301	-0.0000408734	-0.0351987223	-0.0000076244	-0.0000254604	-2.0287317767	0.1244382645	0.1017817598	0.0208155687	0.3177721505	-0.0393242588	0.2021385565
2.3000000000	-0.0000126966	-0.0000433124	-0.0410858621	-0.0000126966	-0.0000433124	-0.0410858621	-0.0000079198	-0.0000270035	-2.0323446651	0.1234590814	0.1009691638	0.0179227596	0.3171486827	-0.0392483482	0.1977064230
2.4000000000	-0.0000129456	-0.0000447571	-0.0477666719	-0.0000129456	-0.0000447571	-0.0477666719	-0.0000080789	-0.0000279261	-2.0364047177	0.1222860089	0.1000009594	0.0147539578	0.3163945533	-0.0391557518	0.1927685871
2.5000000000	-0.0000130706	-0.0000455662	-0.0552339479	-0.0000130706	-0.0000455662	-0.0552339479	-0.0000081599	-0.0000284494	-2.0408818751	0.1209080672	0.0988676243	0.0113503327	0.3154981134	-0.0390452392	0.1873591804
2.6000000000	-0.0000131297	-0.0000459958	-0.0634817308	-0.0000131297	-0.0000459958	-0.0634817308	-0.0000081989	-0.0000287321	-2.0457400052	0.1193163057	0.0975612336	0.0077549669	0.3144481572	-0.0389155642	0.1815128534
2.7000000000	-0.0000131562	-0.0000462126	-0.0725074414	-0.0000131562	-0.0000462126	-0.0725074414	-0.0000082168	-0.0000288779	-2.0509385598	0.1175035013	0.0960753234	0.0040111124	0.3132337402	-0.0387654578	0.1752630452
2.8000000000	-0.0000131674	-0.0000463166	-0.0823129827	-0.0000131674	-0.0000463166	-0.0823129827	-0.0000082245	-0.0000289499	-2.0564339795	0.1154638882	0.0944047239	0.0001608970	0.3118440103	-0.0385936248	0.1686410718
2.9000000000	-0.0000131720	-0.0000463643	-0.0929050324	-0.0000131720	-0.0000463643	-0.0929050324	-0.0000082278	-0.0000289839	-2.0621808282	0.1131929656	0.0925454156	-0.0037555754	0.3102680917	-0.0383987446	0.1616758297
3.0000000000	-0.0000131737	-0.0000463851	-0.1042947793	-0.0000131737	-0.0000463851	-0.1042947793	-0.0000082291	-0.0000289993	-2.0681326503	0.1106873970	0.0904944354	-0.0077007998	0.3084950361	-0.0381794749	0.1543939100
3.1000000000	-0.0000131743	-0.0000463938	-0.1164973365	-0.0000131743	-0.0000463938	-0.1164973365	-0.0000082296	-0.0000290061	-2.0742425618	0.1079449919	0.0882498394	-0.0116401843	0.3065138397	-0.0379344605	0.1468199477
3.2000000000	-0.0000131745	-0.0000463973	-0.1295310197	-0.0000131745	-0.0000463973	-0.1295310197	-0.0000082297	-0.0000290089	-2.0804636026	0.1049647501	0.0858107163	-0.0155421710	0.3043135137	-0.0376623445	0.1389770697
3.3000000000	-0.0000131746	-0.0000463986	-0.1434166235	-0.0000131746	-0.0000463986	-0.1434166235	-0.0000082298	-0.0000290100	-2.0867488928	0.1017469418	0.0831772329	-0.0193782242	0.3018831905	-0.0373617839	0.1308873470
3.4000000000	-0.0000131746	-0.0000463991	-0.1581767749	-0.0000131746	-0.0000463991	-0.1581767749	-0.0000082298	-0.0000290105	-2.0930516424	0.0982932011	0.0803506965	-0.0231227376	0.2992122509	-0.0370314659	0.1225721950
3.5000000000	-0.0000131746	-0.0000463992	-0.1738354006	-0.0000131746	-0.0000463992	-0.1738354006	-0.0000082298	-0.0000290106	-2.0993250675	0.0946066136	0.0773336160	-0.0267529017	0.2962904572	-0.0366701243	0.1140526903
3.6000000000	-0.0000131746	-0.0000463993	-0.1904173146	-0.0000131746	-0.0000463993	-0.1904173146	-0.0000082298	-0.0000290107	-2.1055222568	0.0906917847	0.0741297526	-0.0302485616	0.2931080845	-0.0362765567	0.1053498003
3.7000000000	-0.0000131746	-0.0000463993	-0.2079479157	-0.0000131746	-0.0000463993	-0.2079479157	-0.0000082298	-0.0000290107	-2.1115960302	0.0865548818	0.0707441493	-0.0335920822	0.2896560438	-0.0358496388	0.0964845274
3.8000000000	-0.0000131746	-0.0000463993	-0.2264529757	-0.0000131746	-0.0000463993	-0.2264529757	-0.0000082298	-0.0000290107	-2.1174988129	0.0822036438	0.0671831378	-0.0367682301	0.2859259933	-0.0353883392	0.0874779822
3.9000000000	-0.0000131746	-0.0000463993	-0.2459584968	-0.0000131746	-0.0000463993	-0.2459584968	-0.0000082298	-0.0000290107	-2.1231825465	0.0776473609	0.0634543201	-0.0397640740	0.2819104382	-0.0348917309	0.0783513991
4.0000000000	-0.0000131746	-0.0000463993	-0.2664906190	-0.0000131746	-0.0000463993	-0.2664906190	-0.0000082298	-0.0000290107	-2.1285986430	0.0728968227	0.0595665262	-0.0425689003	0.2776028178	-0.0343590025	0.0691261092
4.1000000000	-0.0000131746	-0.0000463993	-0.2880755628	-0.0000131746	-0.0000463993	-0.2880755628	-0.0000082298	-0.0000290107	-2.1336979845	0.0679642399	0.0555297488	-0.0451741391	0.2729975814	-0.0337894677	0.0598234829
4.2000000000	-0.0000131746	-0.0000463993	-0.3107395937	-0.0000131746	-0.0000463993	-0.3107395937	-0.0000082298	-0.0000290107	-2.1384309668	0.0628631416	0.0513550601	-0.0475732939	0.2680902528	-0.0331825727	0.0504648524
4.3000000000	-0.0000131747	-0.0000463993	-0.3345090025	-0.0000131747	-0.0000463993	-0.3345090025	-0.0000082298	-0.0000290107	-2.1427475794	0.0576082526	0.0470545105	-0.0497618704	0.2628774845	-0.0325379037	0.0410714225
4.4000000000	-0.0000131748	-0.0000463993	-0.3594100932	-0.0000131748	-0.0000463993	-0.3594100932	-0.0000082298	-0.0000290107	-2.1465975174	0.0522153539	0.0426410152	-0.0517372998	0.2573571016	-0.0318551916	0.0316641751
4.5000000000	-0.0000131750	-0.0000463993	-0.3854691769	-0.0000131750	-0.0000463993	-0.3854691769	-0.0000082297	-0.0000290107	-2.1499303174	0.0467011305	0.0381282289	-0.0534988527	0.2515281372	-0.0311343169	0.0222637726
4.6000000000	-0.0000131755	-0.0000463993	-0.4127125679	-0.0000131755	-0.0000463993	-0.4127125679	-0.0000082295	-0.0000290107	-2.1526955115	0.0410830096	0.0335304139	-0.0550475435	0.2453908565	-0.0303753124	0.0128904620
4.7000000000	-0.0000131766	-0.0000463993	-0.4411665826	-0.0000131766	-0.0000463993	-0.4411665826	-0.0000082290	-0.0000290107	-2.1548427944	0.0353789925	0.0288623022	-0.0563860228	0.2389467738	-0.0295783653	0.0035639830
4.8000000000	-0.0000131789	-0.0000463992	-0.4708575376	-0.0000131789	-0.0000463992	-0.4708575376	-0.0000082279	-0.0000290107	-2.1563221982	0.0296074831	0.0241389554	-0.0575184602	0.2321986581	-0.0287438182	-0.0056965194
4.9000000000	-0.0000131834	-0.0000463992	-0.5018117500	-0.0000131834	-0.0000463992	-0.5018117500	-0.0000082258	-0.0000290107	-2.1570842726	0.0237871161	0.0193756238	-0.0584504166	0.2251505318	-0.0278721686	-0.0148725762
5.0000000000	-0.0000131922	-0.0000463993	-0.5340555365	-0.0000131922	-0.0000463993	-0.5340555365	-0.0000082218	-0.0000290106	-2.1570802674	0.0179365866	0.0145876072	-0.0591887095	0.2178076590	-0.0269640675	-0.0239464691
